video_id,frame_number,groundtruth_label,predicted_label,predicted_label_probability,probability_P,probability_S,probability_n,mismatch_flag
HUMEcnkvhJU,0,?,P,0.443903,0.443903,0.335579,0.220518,*WRONG*
HUMEcnkvhJU,6,?,P,0.410061,0.410061,0.390242,0.199697,*WRONG*
HUMEcnkvhJU,12,?,S,0.425964,0.396495,0.425964,0.177541,*WRONG*
HUMEcnkvhJU,18,?,S,0.479990,0.361013,0.479990,0.158998,*WRONG*
HUMEcnkvhJU,24,?,S,0.488492,0.344738,0.488492,0.166771,*WRONG*
HUMEcnkvhJU,30,?,S,0.527278,0.314426,0.527278,0.158296,*WRONG*
HUMEcnkvhJU,36,?,S,0.536767,0.308125,0.536767,0.155108,*WRONG*
HUMEcnkvhJU,42,?,S,0.511627,0.326026,0.511627,0.162347,*WRONG*
HUMEcnkvhJU,48,?,S,0.509144,0.334373,0.509144,0.156483,*WRONG*
HUMEcnkvhJU,54,?,S,0.532172,0.323958,0.532172,0.143870,*WRONG*
HUMEcnkvhJU,60,?,S,0.516019,0.333884,0.516019,0.150098,*WRONG*
HUMEcnkvhJU,66,?,S,0.477402,0.331731,0.477402,0.190867,*WRONG*
HUMEcnkvhJU,72,?,S,0.439022,0.369519,0.439022,0.191459,*WRONG*
HUMEcnkvhJU,78,?,S,0.438729,0.382833,0.438729,0.178439,*WRONG*
HUMEcnkvhJU,84,?,S,0.440840,0.376752,0.440840,0.182409,*WRONG*
HUMEcnkvhJU,90,?,S,0.431992,0.381407,0.431992,0.186601,*WRONG*
HUMEcnkvhJU,96,?,S,0.459477,0.373744,0.459477,0.166779,*WRONG*
HUMEcnkvhJU,102,?,S,0.426909,0.396247,0.426909,0.176845,*WRONG*
HUMEcnkvhJU,108,?,S,0.420606,0.379821,0.420606,0.199574,*WRONG*
HUMEcnkvhJU,114,?,S,0.425908,0.378125,0.425908,0.195967,*WRONG*
HUMEcnkvhJU,120,?,S,0.470946,0.350686,0.470946,0.178368,*WRONG*
HUMEcnkvhJU,126,?,S,0.435719,0.351099,0.435719,0.213182,*WRONG*
HUMEcnkvhJU,132,?,S,0.460076,0.336427,0.460076,0.203497,*WRONG*
HUMEcnkvhJU,138,?,S,0.487090,0.329417,0.487090,0.183493,*WRONG*
HUMEcnkvhJU,144,?,S,0.476310,0.333971,0.476310,0.189719,*WRONG*
HUMEcnkvhJU,150,?,S,0.508276,0.292461,0.508276,0.199264,*WRONG*
HUMEcnkvhJU,156,?,S,0.507006,0.278991,0.507006,0.214003,*WRONG*
HUMEcnkvhJU,162,?,S,0.498818,0.286838,0.498818,0.214343,*WRONG*
HUMEcnkvhJU,168,?,S,0.537312,0.262094,0.537312,0.200593,*WRONG*
HUMEcnkvhJU,174,?,S,0.539055,0.252119,0.539055,0.208826,*WRONG*
HUMEcnkvhJU,180,?,S,0.521695,0.259510,0.521695,0.218795,*WRONG*
HUMEcnkvhJU,186,?,S,0.501013,0.294189,0.501013,0.204798,*WRONG*
HUMEcnkvhJU,192,?,S,0.518125,0.265486,0.518125,0.216389,*WRONG*
HUMEcnkvhJU,198,?,S,0.553982,0.260787,0.553982,0.185231,*WRONG*
HUMEcnkvhJU,204,?,S,0.544951,0.255716,0.544951,0.199333,*WRONG*
HUMEcnkvhJU,210,?,S,0.523331,0.254008,0.523331,0.222661,*WRONG*
HUMEcnkvhJU,216,?,S,0.483427,0.308790,0.483427,0.207783,*WRONG*
HUMEcnkvhJU,222,?,S,0.476687,0.315718,0.476687,0.207595,*WRONG*
HUMEcnkvhJU,228,?,S,0.407881,0.370217,0.407881,0.221902,*WRONG*
HUMEcnkvhJU,234,?,S,0.453549,0.327665,0.453549,0.218787,*WRONG*
HUMEcnkvhJU,240,?,S,0.446874,0.340534,0.446874,0.212592,*WRONG*
HUMEcnkvhJU,246,?,S,0.408546,0.362924,0.408546,0.228530,*WRONG*
HUMEcnkvhJU,252,?,S,0.383411,0.379209,0.383411,0.237380,*WRONG*
HUMEcnkvhJU,258,?,S,0.413499,0.345117,0.413499,0.241383,*WRONG*
HUMEcnkvhJU,264,?,S,0.439397,0.317754,0.439397,0.242849,*WRONG*
HUMEcnkvhJU,270,?,S,0.432624,0.333510,0.432624,0.233866,*WRONG*
HUMEcnkvhJU,276,?,S,0.396032,0.336178,0.396032,0.267789,*WRONG*
HUMEcnkvhJU,282,?,S,0.371244,0.346969,0.371244,0.281787,*WRONG*
HUMEcnkvhJU,288,?,S,0.391141,0.336554,0.391141,0.272306,*WRONG*
HUMEcnkvhJU,294,?,S,0.381357,0.379560,0.381357,0.239083,*WRONG*
HUMEcnkvhJU,300,?,S,0.386626,0.383449,0.386626,0.229925,*WRONG*
HUMEcnkvhJU,306,?,S,0.412214,0.334166,0.412214,0.253619,*WRONG*
HUMEcnkvhJU,312,?,S,0.414706,0.343425,0.414706,0.241869,*WRONG*
HUMEcnkvhJU,318,?,S,0.395956,0.357153,0.395956,0.246891,*WRONG*
HUMEcnkvhJU,324,?,S,0.393276,0.379178,0.393276,0.227547,*WRONG*
HUMEcnkvhJU,330,?,S,0.409181,0.353467,0.409181,0.237352,*WRONG*
HUMEcnkvhJU,336,?,S,0.409960,0.343981,0.409960,0.246059,*WRONG*
HUMEcnkvhJU,342,?,S,0.425553,0.327422,0.425553,0.247026,*WRONG*
HUMEcnkvhJU,348,?,S,0.415142,0.341344,0.415142,0.243514,*WRONG*
HUMEcnkvhJU,354,?,S,0.401216,0.360064,0.401216,0.238720,*WRONG*
HUMEcnkvhJU,360,?,S,0.407878,0.350254,0.407878,0.241867,*WRONG*
HUMEcnkvhJU,366,?,S,0.426464,0.335849,0.426464,0.237686,*WRONG*
HUMEcnkvhJU,372,?,S,0.408064,0.330073,0.408064,0.261862,*WRONG*
HUMEcnkvhJU,378,?,P,0.371942,0.371942,0.308045,0.320013,*WRONG*
HUMEcnkvhJU,384,?,P,0.378367,0.378367,0.335698,0.285935,*WRONG*
HUMEcnkvhJU,390,?,S,0.391540,0.343549,0.391540,0.264912,*WRONG*
HUMEcnkvhJU,396,?,S,0.389699,0.339949,0.389699,0.270352,*WRONG*
HUMEcnkvhJU,402,?,S,0.386495,0.349284,0.386495,0.264221,*WRONG*
HUMEcnkvhJU,408,?,P,0.365338,0.365338,0.356384,0.278278,*WRONG*
HUMEcnkvhJU,414,?,P,0.381617,0.381617,0.319510,0.298874,*WRONG*
HUMEcnkvhJU,420,?,P,0.391991,0.391991,0.298960,0.309050,*WRONG*
HUMEcnkvhJU,426,?,P,0.396236,0.396236,0.286563,0.317201,*WRONG*
HUMEcnkvhJU,432,?,P,0.380786,0.380786,0.277900,0.341314,*WRONG*
HUMEcnkvhJU,438,?,P,0.370134,0.370134,0.267365,0.362501,*WRONG*
HUMEcnkvhJU,444,?,n,0.386984,0.336413,0.276603,0.386984,*WRONG*
HUMEcnkvhJU,450,?,n,0.399704,0.334681,0.265614,0.399704,*WRONG*
HUMEcnkvhJU,456,?,P,0.348347,0.348347,0.309929,0.341724,*WRONG*
HUMEcnkvhJU,462,?,P,0.345644,0.345644,0.342718,0.311638,*WRONG*
HUMEcnkvhJU,468,?,S,0.363805,0.321618,0.363805,0.314576,*WRONG*
HUMEcnkvhJU,474,?,S,0.408891,0.302115,0.408891,0.288994,*WRONG*
HUMEcnkvhJU,480,?,S,0.363320,0.280732,0.363320,0.355947,*WRONG*
HUMEcnkvhJU,486,?,S,0.385260,0.261102,0.385260,0.353638,*WRONG*
HUMEcnkvhJU,492,?,S,0.379817,0.252780,0.379817,0.367402,*WRONG*
HUMEcnkvhJU,498,?,S,0.403785,0.260831,0.403785,0.335384,*WRONG*
HUMEcnkvhJU,504,?,S,0.404419,0.271202,0.404419,0.324378,*WRONG*
HUMEcnkvhJU,510,?,S,0.366915,0.278676,0.366915,0.354410,*WRONG*
HUMEcnkvhJU,516,?,S,0.361452,0.296252,0.361452,0.342297,*WRONG*
HUMEcnkvhJU,522,?,S,0.388156,0.291758,0.388156,0.320086,*WRONG*
HUMEcnkvhJU,528,?,S,0.391910,0.314099,0.391910,0.293991,*WRONG*
HUMEcnkvhJU,534,?,S,0.403071,0.312291,0.403071,0.284638,*WRONG*
HUMEcnkvhJU,540,?,S,0.418118,0.291385,0.418118,0.290497,*WRONG*
HUMEcnkvhJU,546,?,S,0.405142,0.337886,0.405142,0.256972,*WRONG*
HUMEcnkvhJU,552,?,S,0.373561,0.346337,0.373561,0.280103,*WRONG*
HUMEcnkvhJU,558,?,P,0.372481,0.372481,0.318517,0.309002,*WRONG*
HUMEcnkvhJU,564,?,P,0.373762,0.373762,0.371673,0.254566,*WRONG*
HUMEcnkvhJU,570,?,P,0.390574,0.390574,0.350900,0.258526,*WRONG*
HUMEcnkvhJU,576,?,S,0.394569,0.343798,0.394569,0.261633,*WRONG*
HUMEcnkvhJU,582,?,S,0.434244,0.350963,0.434244,0.214793,*WRONG*
HUMEcnkvhJU,588,?,S,0.419577,0.347985,0.419577,0.232438,*WRONG*
HUMEcnkvhJU,594,?,S,0.416796,0.356362,0.416796,0.226842,*WRONG*
HUMEcnkvhJU,600,?,S,0.410022,0.375599,0.410022,0.214379,*WRONG*
HUMEcnkvhJU,606,?,P,0.402279,0.402279,0.367408,0.230312,*WRONG*
HUMEcnkvhJU,612,?,P,0.452446,0.452446,0.310812,0.236742,*WRONG*
HUMEcnkvhJU,618,?,P,0.454013,0.454013,0.273625,0.272362,*WRONG*
HUMEcnkvhJU,624,?,P,0.439619,0.439619,0.295941,0.264440,*WRONG*
HUMEcnkvhJU,630,?,P,0.426367,0.426367,0.294565,0.279068,*WRONG*
HUMEcnkvhJU,636,?,P,0.404702,0.404702,0.318659,0.276639,*WRONG*
HUMEcnkvhJU,642,?,P,0.392190,0.392190,0.380206,0.227603,*WRONG*
HUMEcnkvhJU,648,?,P,0.406188,0.406188,0.396195,0.197617,*WRONG*
HUMEcnkvhJU,654,?,P,0.391805,0.391805,0.380306,0.227889,*WRONG*
HUMEcnkvhJU,660,?,P,0.400703,0.400703,0.394189,0.205108,*WRONG*
HUMEcnkvhJU,666,?,P,0.414410,0.414410,0.376363,0.209227,*WRONG*
HUMEcnkvhJU,672,?,S,0.396612,0.383725,0.396612,0.219663,*WRONG*
HUMEcnkvhJU,678,?,S,0.437875,0.353737,0.437875,0.208387,*WRONG*
HUMEcnkvhJU,684,?,S,0.479768,0.291731,0.479768,0.228501,*WRONG*
HUMEcnkvhJU,690,?,S,0.444454,0.329458,0.444454,0.226089,*WRONG*
HUMEcnkvhJU,696,?,S,0.437282,0.361785,0.437282,0.200933,*WRONG*
HUMEcnkvhJU,702,?,S,0.479637,0.306081,0.479637,0.214281,*WRONG*
HUMEcnkvhJU,708,?,S,0.441536,0.341489,0.441536,0.216975,*WRONG*
HUMEcnkvhJU,714,?,S,0.448515,0.332728,0.448515,0.218757,*WRONG*
HUMEcnkvhJU,720,?,S,0.413851,0.345682,0.413851,0.240467,*WRONG*
HUMEcnkvhJU,726,?,S,0.417898,0.370734,0.417898,0.211368,*WRONG*
HUMEcnkvhJU,732,?,S,0.416646,0.342911,0.416646,0.240443,*WRONG*
HUMEcnkvhJU,738,?,S,0.449605,0.306944,0.449605,0.243451,*WRONG*
HUMEcnkvhJU,744,?,P,0.379912,0.379912,0.326097,0.293991,*WRONG*
HUMEcnkvhJU,750,?,P,0.411422,0.411422,0.357471,0.231107,*WRONG*
HUMEcnkvhJU,756,?,P,0.404235,0.404235,0.317818,0.277947,*WRONG*
HUMEcnkvhJU,762,?,P,0.399782,0.399782,0.337490,0.262728,*WRONG*
HUMEcnkvhJU,768,?,P,0.429801,0.429801,0.296249,0.273950,*WRONG*
HUMEcnkvhJU,774,?,P,0.417914,0.417914,0.356549,0.225537,*WRONG*
HUMEcnkvhJU,780,?,P,0.391257,0.391257,0.377249,0.231494,*WRONG*
HUMEcnkvhJU,786,?,S,0.394100,0.387716,0.394100,0.218185,*WRONG*
HUMEcnkvhJU,792,?,P,0.420864,0.420864,0.338564,0.240572,*WRONG*
HUMEcnkvhJU,798,?,P,0.396657,0.396657,0.342771,0.260572,*WRONG*
HUMEcnkvhJU,804,?,P,0.402739,0.402739,0.366182,0.231079,*WRONG*
HUMEcnkvhJU,810,?,P,0.406302,0.406302,0.361597,0.232100,*WRONG*
HUMEcnkvhJU,816,?,S,0.432374,0.393757,0.432374,0.173869,*WRONG*
HUMEcnkvhJU,822,?,S,0.495056,0.358443,0.495056,0.146500,*WRONG*
HUMEcnkvhJU,828,?,S,0.478461,0.355895,0.478461,0.165644,*WRONG*
HUMEcnkvhJU,834,?,S,0.487037,0.342070,0.487037,0.170893,*WRONG*
HUMEcnkvhJU,840,?,S,0.498931,0.327275,0.498931,0.173794,*WRONG*
HUMEcnkvhJU,846,?,S,0.452404,0.340424,0.452404,0.207172,*WRONG*
HUMEcnkvhJU,852,?,S,0.411248,0.366840,0.411248,0.221911,*WRONG*
HUMEcnkvhJU,858,?,P,0.394147,0.394147,0.361390,0.244462,*WRONG*
HUMEcnkvhJU,864,?,S,0.421614,0.369076,0.421614,0.209310,*WRONG*
HUMEcnkvhJU,870,?,S,0.405861,0.369486,0.405861,0.224653,*WRONG*
HUMEcnkvhJU,876,?,S,0.441357,0.362092,0.441357,0.196551,*WRONG*
HUMEcnkvhJU,882,?,S,0.419241,0.353818,0.419241,0.226941,*WRONG*
HUMEcnkvhJU,888,?,S,0.429560,0.359997,0.429560,0.210443,*WRONG*
HUMEcnkvhJU,894,?,S,0.492013,0.338690,0.492013,0.169298,*WRONG*
HUMEcnkvhJU,900,?,S,0.498427,0.353255,0.498427,0.148318,*WRONG*
HUMEcnkvhJU,906,?,S,0.452834,0.371049,0.452834,0.176117,*WRONG*
HUMEcnkvhJU,912,?,S,0.424046,0.380813,0.424046,0.195141,*WRONG*
HUMEcnkvhJU,918,?,S,0.478057,0.329666,0.478057,0.192277,*WRONG*
HUMEcnkvhJU,924,?,S,0.458375,0.353891,0.458375,0.187734,*WRONG*
HUMEcnkvhJU,930,?,S,0.518038,0.294894,0.518038,0.187068,*WRONG*
HUMEcnkvhJU,936,?,S,0.494123,0.297431,0.494123,0.208446,*WRONG*
HUMEcnkvhJU,942,?,S,0.473612,0.306163,0.473612,0.220225,*WRONG*
HUMEcnkvhJU,948,?,S,0.443094,0.326059,0.443094,0.230848,*WRONG*
HUMEcnkvhJU,954,?,S,0.367286,0.358589,0.367286,0.274125,*WRONG*
HUMEcnkvhJU,960,?,P,0.387381,0.387381,0.343002,0.269617,*WRONG*
HUMEcnkvhJU,966,?,S,0.414225,0.356754,0.414225,0.229021,*WRONG*
HUMEcnkvhJU,972,?,S,0.474355,0.326176,0.474355,0.199469,*WRONG*
HUMEcnkvhJU,978,?,S,0.400280,0.390167,0.400280,0.209553,*WRONG*
HUMEcnkvhJU,984,?,P,0.407463,0.407463,0.351685,0.240852,*WRONG*
HUMEcnkvhJU,990,?,P,0.424907,0.424907,0.382828,0.192265,*WRONG*
HUMEcnkvhJU,996,?,P,0.419758,0.419758,0.385125,0.195117,*WRONG*
HUMEcnkvhJU,1002,?,P,0.427870,0.427870,0.348621,0.223508,*WRONG*
HUMEcnkvhJU,1008,?,P,0.400869,0.400869,0.383448,0.215683,*WRONG*
HUMEcnkvhJU,1014,?,S,0.389966,0.377511,0.389966,0.232522,*WRONG*
HUMEcnkvhJU,1020,?,P,0.389978,0.389978,0.368877,0.241144,*WRONG*
HUMEcnkvhJU,1026,?,P,0.436825,0.436825,0.352452,0.210723,*WRONG*
HUMEcnkvhJU,1032,?,P,0.428048,0.428048,0.360977,0.210976,*WRONG*
HUMEcnkvhJU,1038,?,S,0.444271,0.381132,0.444271,0.174597,*WRONG*
HUMEcnkvhJU,1044,?,S,0.476866,0.327896,0.476866,0.195238,*WRONG*
HUMEcnkvhJU,1050,?,S,0.458279,0.387639,0.458279,0.154083,*WRONG*
HUMEcnkvhJU,1056,?,S,0.422009,0.417666,0.422009,0.160326,*WRONG*
HUMEcnkvhJU,1062,?,P,0.413666,0.413666,0.384722,0.201611,*WRONG*
HUMEcnkvhJU,1068,?,P,0.402586,0.402586,0.390656,0.206758,*WRONG*
HUMEcnkvhJU,1074,?,S,0.433686,0.358359,0.433686,0.207954,*WRONG*
HUMEcnkvhJU,1080,?,S,0.488970,0.328227,0.488970,0.182803,*WRONG*
HUMEcnkvhJU,1086,?,S,0.488198,0.320176,0.488198,0.191627,*WRONG*
HUMEcnkvhJU,1092,?,S,0.456248,0.373864,0.456248,0.169888,*WRONG*
HUMEcnkvhJU,1098,?,S,0.417053,0.392785,0.417053,0.190162,*WRONG*
HUMEcnkvhJU,1104,?,S,0.418895,0.372081,0.418895,0.209023,*WRONG*
HUMEcnkvhJU,1110,?,S,0.392556,0.389850,0.392556,0.217594,*WRONG*
HUMEcnkvhJU,1116,?,P,0.416365,0.416365,0.361790,0.221845,*WRONG*
HUMEcnkvhJU,1122,?,S,0.397393,0.387878,0.397393,0.214729,*WRONG*
HUMEcnkvhJU,1128,?,P,0.431162,0.431162,0.362258,0.206580,*WRONG*
HUMEcnkvhJU,1134,?,P,0.429732,0.429732,0.327133,0.243135,*WRONG*
HUMEcnkvhJU,1140,?,P,0.418927,0.418927,0.272210,0.308863,*WRONG*
HUMEcnkvhJU,1146,?,P,0.341729,0.341729,0.328437,0.329834,*WRONG*
HUMEcnkvhJU,1152,?,S,0.374462,0.324809,0.374462,0.300729,*WRONG*
HUMEcnkvhJU,1158,?,n,0.363870,0.309046,0.327084,0.363870,*WRONG*
HUMEcnkvhJU,1164,?,n,0.385761,0.266571,0.347668,0.385761,*WRONG*
HUMEcnkvhJU,1170,?,n,0.419548,0.249507,0.330945,0.419548,*WRONG*
HUMEcnkvhJU,1176,?,n,0.419905,0.241022,0.339073,0.419905,*WRONG*
HUMEcnkvhJU,1182,?,n,0.394266,0.223827,0.381907,0.394266,*WRONG*
HUMEcnkvhJU,1188,?,n,0.391405,0.240411,0.368183,0.391405,*WRONG*
HUMEcnkvhJU,1194,?,n,0.412627,0.244993,0.342381,0.412627,*WRONG*
HUMEcnkvhJU,1200,?,n,0.411012,0.252638,0.336351,0.411012,*WRONG*
HUMEcnkvhJU,1206,?,n,0.393729,0.252957,0.353313,0.393729,*WRONG*
HUMEcnkvhJU,1212,?,S,0.393688,0.219278,0.393688,0.387034,*WRONG*
HUMEcnkvhJU,1218,?,n,0.435906,0.209537,0.354558,0.435906,*WRONG*
HUMEcnkvhJU,1224,?,n,0.397414,0.233437,0.369149,0.397414,*WRONG*
HUMEcnkvhJU,1230,?,S,0.394269,0.227972,0.394269,0.377759,*WRONG*
HUMEcnkvhJU,1236,?,S,0.436716,0.233920,0.436716,0.329364,*WRONG*
HUMEcnkvhJU,1242,?,S,0.394543,0.227757,0.394543,0.377700,*WRONG*
HUMEcnkvhJU,1248,?,S,0.426737,0.211478,0.426737,0.361785,*WRONG*
HUMEcnkvhJU,1254,?,S,0.428372,0.205589,0.428372,0.366039,*WRONG*
HUMEcnkvhJU,1260,?,S,0.425207,0.221283,0.425207,0.353511,*WRONG*
HUMEcnkvhJU,1266,?,n,0.381683,0.247136,0.371181,0.381683,*WRONG*
HUMEcnkvhJU,1272,?,S,0.417095,0.295755,0.417095,0.287150,*WRONG*
HUMEcnkvhJU,1278,?,S,0.419950,0.299598,0.419950,0.280452,*WRONG*
HUMEcnkvhJU,1284,?,S,0.419279,0.270859,0.419279,0.309862,*WRONG*
HUMEcnkvhJU,1290,?,S,0.462964,0.315510,0.462964,0.221526,*WRONG*
HUMEcnkvhJU,1296,?,S,0.424517,0.364318,0.424517,0.211164,*WRONG*
HUMEcnkvhJU,1302,?,S,0.360101,0.358961,0.360101,0.280938,*WRONG*
HUMEcnkvhJU,1308,?,S,0.438222,0.308170,0.438222,0.253608,*WRONG*
HUMEcnkvhJU,1314,?,S,0.442254,0.297313,0.442254,0.260433,*WRONG*
HUMEcnkvhJU,1320,?,S,0.510526,0.250731,0.510526,0.238743,*WRONG*
HUMEcnkvhJU,1326,?,S,0.546836,0.251842,0.546836,0.201322,*WRONG*
HUMEcnkvhJU,1332,?,S,0.480302,0.308965,0.480302,0.210733,*WRONG*
HUMEcnkvhJU,1338,?,S,0.423417,0.325945,0.423417,0.250639,*WRONG*
HUMEcnkvhJU,1344,?,S,0.516880,0.225930,0.516880,0.257189,*WRONG*
HUMEcnkvhJU,1350,?,S,0.466832,0.265295,0.466832,0.267873,*WRONG*
HUMEcnkvhJU,1356,?,S,0.393281,0.307708,0.393281,0.299011,*WRONG*
HUMEcnkvhJU,1362,?,S,0.356706,0.330210,0.356706,0.313085,*WRONG*
HUMEcnkvhJU,1368,?,S,0.405387,0.281235,0.405387,0.313378,*WRONG*
HUMEcnkvhJU,1374,?,S,0.486963,0.252026,0.486963,0.261012,*WRONG*
HUMEcnkvhJU,1380,?,S,0.477607,0.248667,0.477607,0.273726,*WRONG*
HUMEcnkvhJU,1386,?,S,0.428321,0.265270,0.428321,0.306409,*WRONG*
HUMEcnkvhJU,1392,?,S,0.380435,0.309632,0.380435,0.309933,*WRONG*
HUMEcnkvhJU,1398,?,S,0.369375,0.333526,0.369375,0.297099,*WRONG*
HUMEcnkvhJU,1404,?,S,0.391856,0.305979,0.391856,0.302164,*WRONG*
HUMEcnkvhJU,1410,?,S,0.354609,0.348577,0.354609,0.296815,*WRONG*
HUMEcnkvhJU,1416,?,P,0.415325,0.415325,0.309136,0.275539,*WRONG*
HUMEcnkvhJU,1422,?,P,0.406070,0.406070,0.327322,0.266608,*WRONG*
HUMEcnkvhJU,1428,?,P,0.402416,0.402416,0.315151,0.282434,*WRONG*
HUMEcnkvhJU,1434,?,P,0.391245,0.391245,0.298672,0.310083,*WRONG*
HUMEcnkvhJU,1440,?,P,0.361955,0.361955,0.303202,0.334843,*WRONG*
HUMEcnkvhJU,1446,?,P,0.383842,0.383842,0.324664,0.291494,*WRONG*
HUMEcnkvhJU,1452,?,P,0.388886,0.388886,0.352609,0.258505,*WRONG*
HUMEcnkvhJU,1458,?,S,0.429424,0.273050,0.429424,0.297527,*WRONG*
HUMEcnkvhJU,1464,?,S,0.391589,0.294419,0.391589,0.313993,*WRONG*
HUMEcnkvhJU,1470,?,P,0.348148,0.348148,0.307782,0.344069,*WRONG*
HUMEcnkvhJU,1476,?,S,0.363745,0.310545,0.363745,0.325710,*WRONG*
HUMEcnkvhJU,1482,?,S,0.397196,0.303502,0.397196,0.299302,*WRONG*
HUMEcnkvhJU,1488,?,S,0.392171,0.301462,0.392171,0.306367,*WRONG*
HUMEcnkvhJU,1494,?,n,0.344865,0.311265,0.343870,0.344865,*WRONG*
HUMEcnkvhJU,1500,?,S,0.389679,0.298653,0.389679,0.311668,*WRONG*
HUMEcnkvhJU,1506,?,S,0.404278,0.299378,0.404278,0.296344,*WRONG*
HUMEcnkvhJU,1512,?,S,0.417288,0.284272,0.417288,0.298440,*WRONG*
HUMEcnkvhJU,1518,?,S,0.422276,0.272307,0.422276,0.305417,*WRONG*
HUMEcnkvhJU,1524,?,S,0.424480,0.282894,0.424480,0.292626,*WRONG*
HUMEcnkvhJU,1530,?,S,0.380258,0.332129,0.380258,0.287613,*WRONG*
HUMEcnkvhJU,1536,?,P,0.365321,0.365321,0.352801,0.281878,*WRONG*
HUMEcnkvhJU,1542,?,P,0.370809,0.370809,0.314620,0.314571,*WRONG*
HUMEcnkvhJU,1548,?,P,0.381234,0.381234,0.295150,0.323616,*WRONG*
HUMEcnkvhJU,1554,?,P,0.372445,0.372445,0.294991,0.332564,*WRONG*
HUMEcnkvhJU,1560,?,P,0.392056,0.392056,0.298136,0.309807,*WRONG*
HUMEcnkvhJU,1566,?,P,0.410103,0.410103,0.276388,0.313509,*WRONG*
HUMEcnkvhJU,1572,?,P,0.401582,0.401582,0.254617,0.343801,*WRONG*
HUMEcnkvhJU,1578,?,P,0.392942,0.392942,0.255699,0.351359,*WRONG*
HUMEcnkvhJU,1584,?,P,0.382425,0.382425,0.264904,0.352671,*WRONG*
HUMEcnkvhJU,1590,?,n,0.367185,0.317212,0.315602,0.367185,*WRONG*
HUMEcnkvhJU,1596,?,n,0.350033,0.318787,0.331180,0.350033,*WRONG*
HUMEcnkvhJU,1602,?,n,0.418905,0.297549,0.283546,0.418905,*WRONG*
HUMEcnkvhJU,1608,?,n,0.421813,0.306551,0.271635,0.421813,*WRONG*
HUMEcnkvhJU,1614,?,n,0.393061,0.276149,0.330790,0.393061,*WRONG*
HUMEcnkvhJU,1620,?,n,0.412950,0.287619,0.299431,0.412950,*WRONG*
HUMEcnkvhJU,1626,?,n,0.439151,0.278566,0.282283,0.439151,*WRONG*
HUMEcnkvhJU,1632,?,n,0.396766,0.340094,0.263141,0.396766,*WRONG*
HUMEcnkvhJU,1638,?,P,0.376549,0.376549,0.275569,0.347883,*WRONG*
HUMEcnkvhJU,1644,?,n,0.344183,0.343251,0.312565,0.344183,*WRONG*
HUMEcnkvhJU,1650,?,S,0.351595,0.307260,0.351595,0.341146,*WRONG*
HUMEcnkvhJU,1656,?,n,0.376549,0.311910,0.311541,0.376549,*WRONG*
HUMEcnkvhJU,1662,?,n,0.423683,0.296546,0.279771,0.423683,*WRONG*
HUMEcnkvhJU,1668,?,n,0.461964,0.269492,0.268544,0.461964,*WRONG*
HUMEcnkvhJU,1674,?,n,0.451660,0.287292,0.261049,0.451660,*WRONG*
HUMEcnkvhJU,1680,?,n,0.403503,0.289797,0.306700,0.403503,*WRONG*
HUMEcnkvhJU,1686,?,n,0.467920,0.273753,0.258327,0.467920,*WRONG*
HUMEcnkvhJU,1692,?,n,0.499777,0.264741,0.235482,0.499777,*WRONG*
HUMEcnkvhJU,1698,?,n,0.455645,0.302368,0.241987,0.455645,*WRONG*
HUMEcnkvhJU,1704,?,n,0.433626,0.284054,0.282319,0.433626,*WRONG*
HUMEcnkvhJU,1710,?,n,0.532118,0.252603,0.215280,0.532118,*WRONG*
HUMEcnkvhJU,1716,?,n,0.498006,0.267041,0.234952,0.498006,*WRONG*
HUMEcnkvhJU,1722,?,n,0.512435,0.253637,0.233928,0.512435,*WRONG*
HUMEcnkvhJU,1728,?,n,0.380323,0.328340,0.291337,0.380323,*WRONG*
HUMEcnkvhJU,1734,?,n,0.337324,0.326687,0.335989,0.337324,*WRONG*
HUMEcnkvhJU,1740,?,n,0.417783,0.281467,0.300750,0.417783,*WRONG*
HUMEcnkvhJU,1746,?,n,0.420714,0.256446,0.322840,0.420714,*WRONG*
HUMEcnkvhJU,1752,?,n,0.396709,0.275546,0.327745,0.396709,*WRONG*
HUMEcnkvhJU,1758,?,n,0.422615,0.295835,0.281549,0.422615,*WRONG*
HUMEcnkvhJU,1764,?,n,0.429159,0.317749,0.253092,0.429159,*WRONG*
HUMEcnkvhJU,1770,?,n,0.454451,0.303989,0.241560,0.454451,*WRONG*
HUMEcnkvhJU,1776,?,n,0.454379,0.315961,0.229660,0.454379,*WRONG*
HUMEcnkvhJU,1782,?,n,0.450583,0.294736,0.254681,0.450583,*WRONG*
HUMEcnkvhJU,1788,?,n,0.425817,0.295894,0.278289,0.425817,*WRONG*
HUMEcnkvhJU,1794,?,n,0.406101,0.328911,0.264988,0.406101,*WRONG*
HUMEcnkvhJU,1800,?,n,0.375784,0.354955,0.269261,0.375784,*WRONG*
HUMEcnkvhJU,1806,?,n,0.419398,0.315475,0.265127,0.419398,*WRONG*
HUMEcnkvhJU,1812,?,n,0.441080,0.301218,0.257703,0.441080,*WRONG*
HUMEcnkvhJU,1818,?,n,0.466378,0.289743,0.243879,0.466378,*WRONG*
HUMEcnkvhJU,1824,?,n,0.453481,0.330008,0.216512,0.453481,*WRONG*
HUMEcnkvhJU,1830,?,n,0.441533,0.315256,0.243210,0.441533,*WRONG*
HUMEcnkvhJU,1836,?,P,0.364651,0.364651,0.279732,0.355617,*WRONG*
HUMEcnkvhJU,1842,?,P,0.395882,0.395882,0.308057,0.296061,*WRONG*
HUMEcnkvhJU,1848,?,P,0.401108,0.401108,0.335317,0.263576,*WRONG*
HUMEcnkvhJU,1854,?,P,0.377230,0.377230,0.347682,0.275088,*WRONG*
HUMEcnkvhJU,1860,?,P,0.357603,0.357603,0.333546,0.308851,*WRONG*
HUMEcnkvhJU,1866,?,S,0.348528,0.342008,0.348528,0.309463,*WRONG*
HUMEcnkvhJU,1872,?,S,0.363230,0.293418,0.363230,0.343352,*WRONG*
HUMEcnkvhJU,1878,?,S,0.442883,0.301222,0.442883,0.255894,*WRONG*
HUMEcnkvhJU,1884,?,S,0.451773,0.335889,0.451773,0.212338,*WRONG*
HUMEcnkvhJU,1890,?,S,0.455022,0.347176,0.455022,0.197802,*WRONG*
HUMEcnkvhJU,1896,?,S,0.446640,0.349028,0.446640,0.204332,*WRONG*
HUMEcnkvhJU,1902,?,S,0.450547,0.359469,0.450547,0.189984,*WRONG*
HUMEcnkvhJU,1908,?,S,0.448425,0.371930,0.448425,0.179645,*WRONG*
HUMEcnkvhJU,1914,?,S,0.438218,0.384786,0.438218,0.176996,*WRONG*
HUMEcnkvhJU,1920,?,S,0.495388,0.331401,0.495388,0.173211,*WRONG*
HUMEcnkvhJU,1926,?,S,0.526606,0.316795,0.526606,0.156599,*WRONG*
HUMEcnkvhJU,1932,?,S,0.493658,0.353442,0.493658,0.152900,*WRONG*
HUMEcnkvhJU,1938,?,S,0.450637,0.390721,0.450637,0.158642,*WRONG*
HUMEcnkvhJU,1944,?,S,0.506328,0.357159,0.506328,0.136513,*WRONG*
HUMEcnkvhJU,1950,?,S,0.516336,0.350777,0.516336,0.132886,*WRONG*
HUMEcnkvhJU,1956,?,S,0.479669,0.359689,0.479669,0.160642,*WRONG*
HUMEcnkvhJU,1962,?,S,0.473563,0.371022,0.473563,0.155415,*WRONG*
HUMEcnkvhJU,1968,?,S,0.498593,0.352309,0.498593,0.149098,*WRONG*
HUMEcnkvhJU,1974,?,S,0.434506,0.395481,0.434506,0.170013,*WRONG*
HUMEcnkvhJU,1980,?,P,0.422280,0.422280,0.383684,0.194036,*WRONG*
HUMEcnkvhJU,1986,?,P,0.439196,0.439196,0.358148,0.202656,*WRONG*
HUMEcnkvhJU,1992,?,P,0.449762,0.449762,0.352507,0.197731,*WRONG*
HUMEcnkvhJU,1998,?,P,0.462116,0.462116,0.352095,0.185790,*WRONG*
HUMEcnkvhJU,2004,?,P,0.432838,0.432838,0.322773,0.244389,*WRONG*
HUMEcnkvhJU,2010,?,P,0.414076,0.414076,0.276274,0.309650,*WRONG*
HUMEcnkvhJU,2016,?,n,0.377873,0.357022,0.265105,0.377873,*WRONG*
HUMEcnkvhJU,2022,?,n,0.410459,0.332115,0.257425,0.410459,*WRONG*
HUMEcnkvhJU,2028,?,n,0.435813,0.286842,0.277345,0.435813,*WRONG*
HUMEcnkvhJU,2034,?,n,0.380950,0.299099,0.319951,0.380950,*WRONG*
HUMEcnkvhJU,2040,?,n,0.372162,0.335884,0.291954,0.372162,*WRONG*
HUMEcnkvhJU,2046,?,n,0.457243,0.303779,0.238978,0.457243,*WRONG*
HUMEcnkvhJU,2052,?,n,0.429252,0.298922,0.271826,0.429252,*WRONG*
HUMEcnkvhJU,2058,?,n,0.400942,0.327099,0.271959,0.400942,*WRONG*
HUMEcnkvhJU,2064,?,n,0.391751,0.349468,0.258781,0.391751,*WRONG*
HUMEcnkvhJU,2070,?,n,0.369210,0.349184,0.281607,0.369210,*WRONG*
HUMEcnkvhJU,2076,?,n,0.413313,0.326970,0.259718,0.413313,*WRONG*
HUMEcnkvhJU,2082,?,P,0.367396,0.367396,0.270265,0.362339,*WRONG*
HUMEcnkvhJU,2088,?,P,0.360169,0.360169,0.295840,0.343990,*WRONG*
HUMEcnkvhJU,2094,?,n,0.364599,0.345488,0.289914,0.364599,*WRONG*
HUMEcnkvhJU,2100,?,n,0.437145,0.322077,0.240778,0.437145,*WRONG*
HUMEcnkvhJU,2106,?,P,0.424762,0.424762,0.225767,0.349471,*WRONG*
HUMEcnkvhJU,2112,?,P,0.403617,0.403617,0.264992,0.331391,*WRONG*
HUMEcnkvhJU,2118,?,n,0.347283,0.328931,0.323786,0.347283,*WRONG*
HUMEcnkvhJU,2124,?,n,0.335180,0.331240,0.333581,0.335180,*WRONG*
HUMEcnkvhJU,2130,?,S,0.354279,0.329081,0.354279,0.316639,*WRONG*
HUMEcnkvhJU,2136,?,S,0.367413,0.306188,0.367413,0.326399,*WRONG*
HUMEcnkvhJU,2142,?,n,0.360689,0.294702,0.344608,0.360689,*WRONG*
HUMEcnkvhJU,2148,?,S,0.366294,0.278922,0.366294,0.354784,*WRONG*
HUMEcnkvhJU,2154,?,S,0.383619,0.270274,0.383619,0.346107,*WRONG*
HUMEcnkvhJU,2160,?,n,0.413949,0.252089,0.333961,0.413949,*WRONG*
HUMEcnkvhJU,2166,?,n,0.370782,0.263883,0.365335,0.370782,*WRONG*
HUMEcnkvhJU,2172,?,S,0.395940,0.261868,0.395940,0.342193,*WRONG*
HUMEcnkvhJU,2178,?,S,0.393963,0.297538,0.393963,0.308499,*WRONG*
HUMEcnkvhJU,2184,?,S,0.368467,0.276134,0.368467,0.355399,*WRONG*
HUMEcnkvhJU,2190,?,S,0.369342,0.276773,0.369342,0.353885,*WRONG*
HUMEcnkvhJU,2196,?,S,0.405045,0.266805,0.405045,0.328150,*WRONG*
HUMEcnkvhJU,2202,?,S,0.436214,0.293236,0.436214,0.270550,*WRONG*
HUMEcnkvhJU,2208,?,S,0.438954,0.312383,0.438954,0.248663,*WRONG*
HUMEcnkvhJU,2214,?,S,0.411377,0.311512,0.411377,0.277111,*WRONG*
HUMEcnkvhJU,2220,?,S,0.439783,0.292379,0.439783,0.267838,*WRONG*
HUMEcnkvhJU,2226,?,S,0.455607,0.265801,0.455607,0.278593,*WRONG*
HUMEcnkvhJU,2232,?,S,0.437458,0.252887,0.437458,0.309655,*WRONG*
HUMEcnkvhJU,2238,?,S,0.525539,0.202083,0.525539,0.272378,*WRONG*
HUMEcnkvhJU,2244,?,S,0.519049,0.192752,0.519049,0.288199,*WRONG*
HUMEcnkvhJU,2250,?,S,0.510638,0.235504,0.510638,0.253857,*WRONG*
HUMEcnkvhJU,2256,?,S,0.520891,0.249366,0.520891,0.229743,*WRONG*
HUMEcnkvhJU,2262,?,S,0.523258,0.250872,0.523258,0.225870,*WRONG*
HUMEcnkvhJU,2268,?,S,0.506964,0.267616,0.506964,0.225420,*WRONG*
HUMEcnkvhJU,2274,?,S,0.521173,0.258005,0.521173,0.220822,*WRONG*
HUMEcnkvhJU,2280,?,S,0.507537,0.252663,0.507537,0.239799,*WRONG*
HUMEcnkvhJU,2286,?,S,0.518979,0.250810,0.518979,0.230211,*WRONG*
HUMEcnkvhJU,2292,?,S,0.524448,0.233222,0.524448,0.242330,*WRONG*
HUMEcnkvhJU,2298,?,S,0.528999,0.233626,0.528999,0.237374,*WRONG*
HUMEcnkvhJU,2304,?,S,0.521147,0.235435,0.521147,0.243418,*WRONG*
HUMEcnkvhJU,2310,?,S,0.510924,0.244772,0.510924,0.244303,*WRONG*
HUMEcnkvhJU,2316,?,S,0.499531,0.252321,0.499531,0.248148,*WRONG*
HUMEcnkvhJU,2322,?,S,0.501767,0.248737,0.501767,0.249496,*WRONG*
HUMEcnkvhJU,2328,?,S,0.374411,0.342069,0.374411,0.283520,*WRONG*
HUMEcnkvhJU,2334,?,P,0.411427,0.411427,0.262522,0.326052,*WRONG*
HUMEcnkvhJU,2340,?,P,0.429322,0.429322,0.255979,0.314699,*WRONG*
HUMEcnkvhJU,2346,?,P,0.430410,0.430410,0.288454,0.281136,*WRONG*
HUMEcnkvhJU,2352,?,P,0.453110,0.453110,0.242459,0.304432,*WRONG*
HUMEcnkvhJU,2358,?,P,0.449037,0.449037,0.249564,0.301399,*WRONG*
HUMEcnkvhJU,2364,?,P,0.438909,0.438909,0.274539,0.286552,*WRONG*
HUMEcnkvhJU,2370,?,P,0.493819,0.493819,0.208593,0.297588,*WRONG*
HUMEcnkvhJU,2376,?,P,0.482221,0.482221,0.208418,0.309360,*WRONG*
HUMEcnkvhJU,2382,?,P,0.490342,0.490342,0.201782,0.307876,*WRONG*
HUMEcnkvhJU,2388,?,P,0.459129,0.459129,0.239220,0.301651,*WRONG*
HUMEcnkvhJU,2394,?,P,0.483689,0.483689,0.227113,0.289199,*WRONG*
HUMEcnkvhJU,2400,?,P,0.520102,0.520102,0.223285,0.256613,*WRONG*
HUMEcnkvhJU,2406,?,P,0.451638,0.451638,0.257586,0.290776,*WRONG*
HUMEcnkvhJU,2412,?,P,0.480626,0.480626,0.227851,0.291523,*WRONG*
HUMEcnkvhJU,2418,?,P,0.465147,0.465147,0.241573,0.293279,*WRONG*
HUMEcnkvhJU,2424,?,P,0.425242,0.425242,0.265712,0.309047,*WRONG*
HUMEcnkvhJU,2430,?,P,0.437903,0.437903,0.225012,0.337085,*WRONG*
HUMEcnkvhJU,2436,?,P,0.437107,0.437107,0.199030,0.363863,*WRONG*
HUMEcnkvhJU,2442,?,P,0.408844,0.408844,0.212878,0.378278,*WRONG*
HUMEcnkvhJU,2448,?,P,0.436075,0.436075,0.199009,0.364916,*WRONG*
HUMEcnkvhJU,2454,?,P,0.443369,0.443369,0.194770,0.361861,*WRONG*
HUMEcnkvhJU,2460,?,P,0.431331,0.431331,0.210199,0.358469,*WRONG*
HUMEcnkvhJU,2466,?,P,0.411379,0.411379,0.201977,0.386644,*WRONG*
HUMEcnkvhJU,2472,?,P,0.435531,0.435531,0.186491,0.377978,*WRONG*
HUMEcnkvhJU,2478,?,P,0.410100,0.410100,0.204113,0.385788,*WRONG*
HUMEcnkvhJU,2484,?,P,0.371737,0.371737,0.276664,0.351599,*WRONG*
HUMEcnkvhJU,2490,?,P,0.381287,0.381287,0.341800,0.276913,*WRONG*
HUMEcnkvhJU,2496,?,S,0.441886,0.356904,0.441886,0.201211,*WRONG*
HUMEcnkvhJU,2502,?,S,0.503704,0.311953,0.503704,0.184343,*WRONG*
HUMEcnkvhJU,2508,?,S,0.533622,0.313070,0.533622,0.153308,*WRONG*
HUMEcnkvhJU,2514,?,S,0.532952,0.293625,0.532952,0.173423,*WRONG*
HUMEcnkvhJU,2520,?,S,0.502028,0.323961,0.502028,0.174011,*WRONG*
HUMEcnkvhJU,2526,?,S,0.405646,0.307195,0.405646,0.287159,*WRONG*
HUMEcnkvhJU,2532,?,S,0.554974,0.232282,0.554974,0.212743,*WRONG*
HUMEcnkvhJU,2538,?,S,0.614324,0.199503,0.614324,0.186173,*WRONG*
HUMEcnkvhJU,2544,?,S,0.663849,0.176277,0.663849,0.159874,*WRONG*
HUMEcnkvhJU,2550,?,S,0.685817,0.157703,0.685817,0.156481,*WRONG*
HUMEcnkvhJU,2556,?,S,0.676558,0.150160,0.676558,0.173282,*WRONG*
HUMEcnkvhJU,2562,?,S,0.699981,0.162113,0.699981,0.137907,*WRONG*
HUMEcnkvhJU,2568,?,S,0.705655,0.158307,0.705655,0.136037,*WRONG*
HUMEcnkvhJU,2574,?,S,0.754679,0.145325,0.754679,0.099996,*WRONG*
HUMEcnkvhJU,2580,?,S,0.690832,0.179338,0.690832,0.129831,*WRONG*
HUMEcnkvhJU,2586,?,S,0.662335,0.184057,0.662335,0.153608,*WRONG*
HUMEcnkvhJU,2592,?,S,0.587955,0.232144,0.587955,0.179900,*WRONG*
HUMEcnkvhJU,2598,?,S,0.534734,0.258608,0.534734,0.206658,*WRONG*
HUMEcnkvhJU,2604,?,S,0.563049,0.248269,0.563049,0.188681,*WRONG*
HUMEcnkvhJU,2610,?,S,0.518909,0.246636,0.518909,0.234456,*WRONG*
HUMEcnkvhJU,2616,?,S,0.539585,0.257285,0.539585,0.203130,*WRONG*
HUMEcnkvhJU,2622,?,S,0.509327,0.275525,0.509327,0.215148,*WRONG*
HUMEcnkvhJU,2628,?,S,0.478011,0.296566,0.478011,0.225423,*WRONG*
HUMEcnkvhJU,2634,?,S,0.479201,0.309835,0.479201,0.210964,*WRONG*
HUMEcnkvhJU,2640,?,S,0.433457,0.321544,0.433457,0.244999,*WRONG*
HUMEcnkvhJU,2646,?,S,0.445344,0.283344,0.445344,0.271312,*WRONG*
HUMEcnkvhJU,2652,?,S,0.493744,0.261085,0.493744,0.245171,*WRONG*
HUMEcnkvhJU,2658,?,S,0.468647,0.264498,0.468647,0.266855,*WRONG*
HUMEcnkvhJU,2664,?,S,0.539853,0.222629,0.539853,0.237517,*WRONG*
HUMEcnkvhJU,2670,?,S,0.462346,0.290824,0.462346,0.246829,*WRONG*
HUMEcnkvhJU,2676,?,S,0.480044,0.254324,0.480044,0.265632,*WRONG*
HUMEcnkvhJU,2682,?,S,0.427326,0.327289,0.427326,0.245385,*WRONG*
HUMEcnkvhJU,2688,?,S,0.350334,0.325630,0.350334,0.324037,*WRONG*
HUMEcnkvhJU,2694,?,S,0.365832,0.317848,0.365832,0.316320,*WRONG*
HUMEcnkvhJU,2700,?,S,0.375365,0.264314,0.375365,0.360321,*WRONG*
HUMEcnkvhJU,2706,?,S,0.414777,0.270303,0.414777,0.314920,*WRONG*
HUMEcnkvhJU,2712,?,n,0.378688,0.244292,0.377019,0.378688,*WRONG*
HUMEcnkvhJU,2718,?,n,0.367057,0.328808,0.304136,0.367057,*WRONG*
HUMEcnkvhJU,2724,?,n,0.349252,0.315137,0.335612,0.349252,*WRONG*
HUMEcnkvhJU,2730,?,S,0.428613,0.270462,0.428613,0.300924,*WRONG*
HUMEcnkvhJU,2736,?,S,0.386803,0.275724,0.386803,0.337473,*WRONG*
HUMEcnkvhJU,2742,?,S,0.370112,0.293806,0.370112,0.336082,*WRONG*
HUMEcnkvhJU,2748,?,S,0.397728,0.270405,0.397728,0.331867,*WRONG*
HUMEcnkvhJU,2754,?,S,0.371172,0.306785,0.371172,0.322044,*WRONG*
HUMEcnkvhJU,2760,?,S,0.387417,0.268553,0.387417,0.344029,*WRONG*
HUMEcnkvhJU,2766,?,n,0.363029,0.302855,0.334116,0.363029,*WRONG*
HUMEcnkvhJU,2772,?,S,0.395456,0.242026,0.395456,0.362518,*WRONG*
HUMEcnkvhJU,2778,?,S,0.342275,0.317224,0.342275,0.340500,*WRONG*
HUMEcnkvhJU,2784,?,P,0.374779,0.374779,0.335102,0.290119,*WRONG*
HUMEcnkvhJU,2790,?,P,0.373196,0.373196,0.342249,0.284555,*WRONG*
HUMEcnkvhJU,2796,?,P,0.354377,0.354377,0.350458,0.295165,*WRONG*
HUMEcnkvhJU,2802,?,P,0.348383,0.348383,0.347009,0.304608,*WRONG*
HUMEcnkvhJU,2808,?,P,0.393142,0.393142,0.252443,0.354414,*WRONG*
HUMEcnkvhJU,2814,?,P,0.394978,0.394978,0.262382,0.342640,*WRONG*
HUMEcnkvhJU,2820,?,P,0.412624,0.412624,0.229096,0.358280,*WRONG*
HUMEcnkvhJU,2826,?,P,0.411736,0.411736,0.281875,0.306390,*WRONG*
HUMEcnkvhJU,2832,?,P,0.399597,0.399597,0.342450,0.257953,*WRONG*
HUMEcnkvhJU,2838,?,P,0.386371,0.386371,0.351241,0.262388,*WRONG*
HUMEcnkvhJU,2844,?,P,0.380690,0.380690,0.357451,0.261859,*WRONG*
HUMEcnkvhJU,2850,?,P,0.383775,0.383775,0.360002,0.256223,*WRONG*
HUMEcnkvhJU,2856,?,P,0.394810,0.394810,0.385760,0.219430,*WRONG*
HUMEcnkvhJU,2862,?,S,0.421093,0.383335,0.421093,0.195572,*WRONG*
HUMEcnkvhJU,2868,?,S,0.444091,0.371759,0.444091,0.184150,*WRONG*
HUMEcnkvhJU,2874,?,S,0.417785,0.378156,0.417785,0.204058,*WRONG*
HUMEcnkvhJU,2880,?,P,0.407930,0.407930,0.406539,0.185531,*WRONG*
HUMEcnkvhJU,2886,?,S,0.457564,0.367164,0.457564,0.175272,*WRONG*
HUMEcnkvhJU,2892,?,S,0.424901,0.386504,0.424901,0.188595,*WRONG*
HUMEcnkvhJU,2898,?,S,0.448205,0.321347,0.448205,0.230448,*WRONG*
HUMEcnkvhJU,2904,?,S,0.401145,0.334765,0.401145,0.264090,*WRONG*
HUMEcnkvhJU,2910,?,S,0.458596,0.284955,0.458596,0.256449,*WRONG*
HUMEcnkvhJU,2916,?,S,0.357213,0.318310,0.357213,0.324476,*WRONG*
HUMEcnkvhJU,2922,?,S,0.414980,0.273696,0.414980,0.311325,*WRONG*
HUMEcnkvhJU,2928,?,S,0.535608,0.269525,0.535608,0.194867,*WRONG*
HUMEcnkvhJU,2934,?,S,0.544403,0.286207,0.544403,0.169390,*WRONG*
HUMEcnkvhJU,2940,?,S,0.531284,0.307252,0.531284,0.161464,*WRONG*
HUMEcnkvhJU,2946,?,S,0.506727,0.300459,0.506727,0.192814,*WRONG*
HUMEcnkvhJU,2952,?,S,0.441178,0.336740,0.441178,0.222082,*WRONG*
HUMEcnkvhJU,2958,?,S,0.422312,0.340542,0.422312,0.237146,*WRONG*
HUMEcnkvhJU,2964,?,n,0.340793,0.323947,0.335260,0.340793,*WRONG*
HUMEcnkvhJU,2970,?,n,0.350895,0.308522,0.340583,0.350895,*WRONG*
HUMEcnkvhJU,2976,?,S,0.365793,0.279395,0.365793,0.354812,*WRONG*
HUMEcnkvhJU,2982,?,S,0.373267,0.311586,0.373267,0.315146,*WRONG*
HUMEcnkvhJU,2988,?,S,0.427544,0.299888,0.427544,0.272568,*WRONG*
HUMEcnkvhJU,2994,?,S,0.490029,0.297080,0.490029,0.212892,*WRONG*
HUMEcnkvhJU,3000,?,S,0.356244,0.355371,0.356244,0.288385,*WRONG*
HUMEcnkvhJU,3006,?,S,0.474726,0.280965,0.474726,0.244309,*WRONG*
HUMEcnkvhJU,3012,?,S,0.447147,0.294232,0.447147,0.258621,*WRONG*
HUMEcnkvhJU,3018,?,S,0.345923,0.317676,0.345923,0.336401,*WRONG*
HUMEcnkvhJU,3024,?,S,0.446235,0.289264,0.446235,0.264501,*WRONG*
HUMEcnkvhJU,3030,?,S,0.398972,0.333852,0.398972,0.267176,*WRONG*
HUMEcnkvhJU,3036,?,S,0.369652,0.324765,0.369652,0.305582,*WRONG*
HUMEcnkvhJU,3042,?,S,0.403376,0.309501,0.403376,0.287123,*WRONG*
HUMEcnkvhJU,3048,?,S,0.373560,0.295536,0.373560,0.330904,*WRONG*
HUMEcnkvhJU,3054,?,S,0.358670,0.328456,0.358670,0.312874,*WRONG*
HUMEcnkvhJU,3060,?,S,0.430932,0.317936,0.430932,0.251132,*WRONG*
HUMEcnkvhJU,3066,?,S,0.404188,0.300746,0.404188,0.295066,*WRONG*
HUMEcnkvhJU,3072,?,S,0.427519,0.260996,0.427519,0.311485,*WRONG*
HUMEcnkvhJU,3078,?,S,0.442548,0.300655,0.442548,0.256796,*WRONG*
HUMEcnkvhJU,3084,?,S,0.401455,0.303786,0.401455,0.294760,*WRONG*
HUMEcnkvhJU,3090,?,n,0.356141,0.292985,0.350874,0.356141,*WRONG*
HUMEcnkvhJU,3096,?,n,0.402980,0.248615,0.348405,0.402980,*WRONG*
HUMEcnkvhJU,3102,?,n,0.398813,0.294199,0.306988,0.398813,*WRONG*
HUMEcnkvhJU,3108,?,n,0.347070,0.341843,0.311087,0.347070,*WRONG*
HUMEcnkvhJU,3114,?,P,0.397015,0.397015,0.279176,0.323809,*WRONG*
HUMEcnkvhJU,3120,?,P,0.403984,0.403984,0.275889,0.320127,*WRONG*
HUMEcnkvhJU,3126,?,n,0.387017,0.375252,0.237731,0.387017,*WRONG*
HUMEcnkvhJU,3132,?,n,0.378450,0.327747,0.293803,0.378450,*WRONG*
HUMEcnkvhJU,3138,?,n,0.378137,0.308969,0.312894,0.378137,*WRONG*
HUMEcnkvhJU,3144,?,S,0.373229,0.279177,0.373229,0.347594,*WRONG*
HUMEcnkvhJU,3150,?,S,0.394217,0.293997,0.394217,0.311787,*WRONG*
HUMEcnkvhJU,3156,?,n,0.350171,0.303387,0.346441,0.350171,*WRONG*
HUMEcnkvhJU,3162,?,n,0.376551,0.251390,0.372059,0.376551,*WRONG*
HUMEcnkvhJU,3168,?,S,0.399908,0.234067,0.399908,0.366025,*WRONG*
HUMEcnkvhJU,3174,?,S,0.424907,0.240929,0.424907,0.334164,*WRONG*
HUMEcnkvhJU,3180,?,S,0.372104,0.279684,0.372104,0.348213,*WRONG*
HUMEcnkvhJU,3186,?,n,0.422196,0.263641,0.314163,0.422196,*WRONG*
HUMEcnkvhJU,3192,?,n,0.411433,0.254490,0.334077,0.411433,*WRONG*
HUMEcnkvhJU,3198,?,n,0.380746,0.256613,0.362641,0.380746,*WRONG*
HUMEcnkvhJU,3204,?,S,0.365484,0.273106,0.365484,0.361410,*WRONG*
HUMEcnkvhJU,3210,?,n,0.387353,0.258732,0.353915,0.387353,*WRONG*
HUMEcnkvhJU,3216,?,n,0.425493,0.232810,0.341697,0.425493,*WRONG*
HUMEcnkvhJU,3222,?,S,0.392402,0.218119,0.392402,0.389479,*WRONG*
HUMEcnkvhJU,3228,?,S,0.418147,0.228693,0.418147,0.353160,*WRONG*
HUMEcnkvhJU,3234,?,S,0.524701,0.231775,0.524701,0.243524,*WRONG*
HUMEcnkvhJU,3240,?,S,0.485479,0.233587,0.485479,0.280935,*WRONG*
HUMEcnkvhJU,3246,?,S,0.428453,0.258107,0.428453,0.313440,*WRONG*
HUMEcnkvhJU,3252,?,S,0.380517,0.291575,0.380517,0.327909,*WRONG*
HUMEcnkvhJU,3258,?,n,0.389334,0.289523,0.321143,0.389334,*WRONG*
HUMEcnkvhJU,3264,?,n,0.373111,0.276633,0.350256,0.373111,*WRONG*
HUMEcnkvhJU,3270,?,S,0.452875,0.267884,0.452875,0.279242,*WRONG*
HUMEcnkvhJU,3276,?,S,0.396864,0.284056,0.396864,0.319081,*WRONG*
HUMEcnkvhJU,3282,?,S,0.408334,0.294818,0.408334,0.296848,*WRONG*
HUMEcnkvhJU,3288,?,S,0.406244,0.257611,0.406244,0.336145,*WRONG*
HUMEcnkvhJU,3294,?,n,0.422496,0.273003,0.304500,0.422496,*WRONG*
HUMEcnkvhJU,3300,?,S,0.363032,0.292793,0.363032,0.344175,*WRONG*
HUMEcnkvhJU,3306,?,S,0.453366,0.264264,0.453366,0.282369,*WRONG*
HUMEcnkvhJU,3312,?,S,0.385643,0.315448,0.385643,0.298908,*WRONG*
HUMEcnkvhJU,3318,?,S,0.418034,0.284478,0.418034,0.297488,*WRONG*
HUMEcnkvhJU,3324,?,S,0.462755,0.221730,0.462755,0.315515,*WRONG*
HUMEcnkvhJU,3330,?,S,0.478191,0.269818,0.478191,0.251991,*WRONG*
HUMEcnkvhJU,3336,?,S,0.423561,0.271908,0.423561,0.304532,*WRONG*
HUMEcnkvhJU,3342,?,S,0.413802,0.262722,0.413802,0.323476,*WRONG*
HUMEcnkvhJU,3348,?,S,0.455908,0.257936,0.455908,0.286156,*WRONG*
HUMEcnkvhJU,3354,?,S,0.501455,0.269329,0.501455,0.229216,*WRONG*
HUMEcnkvhJU,3360,?,S,0.503448,0.232414,0.503448,0.264138,*WRONG*
HUMEcnkvhJU,3366,?,S,0.466519,0.247789,0.466519,0.285692,*WRONG*
HUMEcnkvhJU,3372,?,S,0.449575,0.245373,0.449575,0.305052,*WRONG*
HUMEcnkvhJU,3378,?,S,0.462946,0.279597,0.462946,0.257456,*WRONG*
HUMEcnkvhJU,3384,?,S,0.390302,0.303892,0.390302,0.305805,*WRONG*
HUMEcnkvhJU,3390,?,S,0.450431,0.247831,0.450431,0.301738,*WRONG*
HUMEcnkvhJU,3396,?,S,0.523027,0.252907,0.523027,0.224066,*WRONG*
HUMEcnkvhJU,3402,?,S,0.434598,0.340693,0.434598,0.224709,*WRONG*
HUMEcnkvhJU,3408,?,S,0.432468,0.336228,0.432468,0.231304,*WRONG*
HUMEcnkvhJU,3414,?,S,0.472120,0.327404,0.472120,0.200476,*WRONG*
HUMEcnkvhJU,3420,?,S,0.439984,0.349970,0.439984,0.210046,*WRONG*
HUMEcnkvhJU,3426,?,S,0.483751,0.325736,0.483751,0.190512,*WRONG*
HUMEcnkvhJU,3432,?,P,0.381610,0.381610,0.356671,0.261719,*WRONG*
HUMEcnkvhJU,3438,?,S,0.364318,0.345783,0.364318,0.289900,*WRONG*
HUMEcnkvhJU,3444,?,P,0.359142,0.359142,0.354457,0.286402,*WRONG*
HUMEcnkvhJU,3450,?,S,0.367498,0.333233,0.367498,0.299269,*WRONG*
HUMEcnkvhJU,3456,?,S,0.422032,0.251930,0.422032,0.326037,*WRONG*
HUMEcnkvhJU,3462,?,S,0.402786,0.282586,0.402786,0.314628,*WRONG*
HUMEcnkvhJU,3468,?,S,0.384739,0.308104,0.384739,0.307156,*WRONG*
HUMEcnkvhJU,3474,?,S,0.410561,0.300118,0.410561,0.289321,*WRONG*
HUMEcnkvhJU,3480,?,S,0.400563,0.332615,0.400563,0.266822,*WRONG*
HUMEcnkvhJU,3486,?,P,0.379531,0.379531,0.333826,0.286644,*WRONG*
HUMEcnkvhJU,3492,?,S,0.347099,0.343343,0.347099,0.309558,*WRONG*
HUMEcnkvhJU,3498,?,P,0.360397,0.360397,0.296949,0.342653,*WRONG*
HUMEcnkvhJU,3504,?,P,0.388226,0.388226,0.269140,0.342634,*WRONG*
HUMEcnkvhJU,3510,?,P,0.390961,0.390961,0.285560,0.323479,*WRONG*
HUMEcnkvhJU,3516,?,P,0.416552,0.416552,0.293738,0.289710,*WRONG*
HUMEcnkvhJU,3522,?,P,0.433223,0.433223,0.279858,0.286919,*WRONG*
HUMEcnkvhJU,3528,?,P,0.383619,0.383619,0.274047,0.342334,*WRONG*
HUMEcnkvhJU,3534,?,S,0.358141,0.321583,0.358141,0.320276,*WRONG*
HUMEcnkvhJU,3540,?,n,0.420498,0.278455,0.301047,0.420498,*WRONG*
HUMEcnkvhJU,3546,?,n,0.378101,0.293189,0.328710,0.378101,*WRONG*
HUMEcnkvhJU,3552,?,S,0.373583,0.275390,0.373583,0.351027,*WRONG*
HUMEcnkvhJU,3558,?,n,0.365156,0.271431,0.363413,0.365156,*WRONG*
HUMEcnkvhJU,3564,?,S,0.367111,0.282274,0.367111,0.350615,*WRONG*
HUMEcnkvhJU,3570,?,S,0.368594,0.304980,0.368594,0.326426,*WRONG*
HUMEcnkvhJU,3576,?,n,0.359564,0.313939,0.326497,0.359564,*WRONG*
HUMEcnkvhJU,3582,?,n,0.371804,0.365191,0.263006,0.371804,*WRONG*
HUMEcnkvhJU,3588,?,P,0.382411,0.382411,0.243554,0.374034,*WRONG*
HUMEcnkvhJU,3594,?,n,0.362886,0.362515,0.274598,0.362886,*WRONG*
HUMEcnkvhJU,3600,?,n,0.372907,0.357865,0.269227,0.372907,*WRONG*
HUMEcnkvhJU,3606,?,P,0.363193,0.363193,0.278338,0.358469,*WRONG*
HUMEcnkvhJU,3612,?,P,0.341268,0.341268,0.334714,0.324017,*WRONG*
HUMEcnkvhJU,3618,?,S,0.368409,0.307452,0.368409,0.324139,*WRONG*
HUMEcnkvhJU,3624,?,S,0.353134,0.332780,0.353134,0.314086,*WRONG*
HUMEcnkvhJU,3630,?,P,0.347856,0.347856,0.324072,0.328072,*WRONG*
HUMEcnkvhJU,3636,?,S,0.357276,0.343509,0.357276,0.299215,*WRONG*
HUMEcnkvhJU,3642,?,n,0.344463,0.327170,0.328367,0.344463,*WRONG*
HUMEcnkvhJU,3648,?,n,0.396870,0.317302,0.285829,0.396870,*WRONG*
HUMEcnkvhJU,3654,?,n,0.423685,0.317273,0.259042,0.423685,*WRONG*
HUMEcnkvhJU,3660,?,n,0.440369,0.292434,0.267197,0.440369,*WRONG*
HUMEcnkvhJU,3666,?,n,0.466137,0.263989,0.269874,0.466137,*WRONG*
HUMEcnkvhJU,3672,?,n,0.510888,0.242927,0.246186,0.510888,*WRONG*
HUMEcnkvhJU,3678,?,n,0.493122,0.225424,0.281453,0.493122,*WRONG*
HUMEcnkvhJU,3684,?,n,0.532060,0.240380,0.227559,0.532060,*WRONG*
HUMEcnkvhJU,3690,?,n,0.511722,0.230981,0.257297,0.511722,*WRONG*
