video_id,frame_number,groundtruth_label,predicted_label,predicted_label_probability,probability_P,probability_S,probability_n,mismatch_flag
HUMEcnkvhJU,0,?,S,0.389290,0.367928,0.389290,0.242782,*WRONG*
HUMEcnkvhJU,30,?,S,0.464872,0.323924,0.464872,0.211204,*WRONG*
HUMEcnkvhJU,60,?,S,0.489667,0.324988,0.489667,0.185345,*WRONG*
HUMEcnkvhJU,90,?,S,0.508735,0.305127,0.508735,0.186138,*WRONG*
HUMEcnkvhJU,120,?,S,0.454366,0.357728,0.454366,0.187906,*WRONG*
HUMEcnkvhJU,150,?,S,0.436188,0.357117,0.436188,0.206695,*WRONG*
HUMEcnkvhJU,180,?,S,0.434892,0.362867,0.434892,0.202241,*WRONG*
HUMEcnkvhJU,210,?,S,0.452090,0.320133,0.452090,0.227777,*WRONG*
HUMEcnkvhJU,240,?,S,0.463951,0.280200,0.463951,0.255849,*WRONG*
HUMEcnkvhJU,270,?,S,0.457144,0.273105,0.457144,0.269752,*WRONG*
HUMEcnkvhJU,300,?,S,0.432703,0.251512,0.432703,0.315785,*WRONG*
HUMEcnkvhJU,330,?,S,0.395832,0.256020,0.395832,0.348149,*WRONG*
HUMEcnkvhJU,360,?,S,0.414246,0.284061,0.414246,0.301693,*WRONG*
HUMEcnkvhJU,390,?,S,0.407879,0.307259,0.407879,0.284862,*WRONG*
HUMEcnkvhJU,420,?,S,0.405679,0.293213,0.405679,0.301108,*WRONG*
HUMEcnkvhJU,450,?,S,0.411588,0.272709,0.411588,0.315704,*WRONG*
HUMEcnkvhJU,480,?,S,0.399224,0.299476,0.399224,0.301300,*WRONG*
HUMEcnkvhJU,510,?,S,0.406716,0.309542,0.406716,0.283742,*WRONG*
HUMEcnkvhJU,540,?,S,0.380450,0.318760,0.380450,0.300790,*WRONG*
HUMEcnkvhJU,570,?,S,0.412268,0.305136,0.412268,0.282597,*WRONG*
HUMEcnkvhJU,600,?,S,0.367320,0.307195,0.367320,0.325485,*WRONG*
HUMEcnkvhJU,630,?,n,0.344020,0.327322,0.328658,0.344020,*WRONG*
HUMEcnkvhJU,660,?,S,0.346259,0.310474,0.346259,0.343268,*WRONG*
HUMEcnkvhJU,690,?,n,0.397091,0.294614,0.308296,0.397091,*WRONG*
HUMEcnkvhJU,720,?,n,0.395920,0.317153,0.286927,0.395920,*WRONG*
HUMEcnkvhJU,750,?,n,0.350394,0.338005,0.311601,0.350394,*WRONG*
HUMEcnkvhJU,780,?,P,0.343257,0.343257,0.333241,0.323501,*WRONG*
HUMEcnkvhJU,810,?,S,0.352731,0.335490,0.352731,0.311779,*WRONG*
HUMEcnkvhJU,840,?,S,0.375281,0.279552,0.375281,0.345167,*WRONG*
HUMEcnkvhJU,870,?,S,0.363500,0.274892,0.363500,0.361609,*WRONG*
HUMEcnkvhJU,900,?,n,0.424674,0.280350,0.294977,0.424674,*WRONG*
HUMEcnkvhJU,930,?,n,0.390106,0.311039,0.298855,0.390106,*WRONG*
HUMEcnkvhJU,960,?,S,0.359325,0.306355,0.359325,0.334321,*WRONG*
HUMEcnkvhJU,990,?,S,0.407669,0.258523,0.407669,0.333809,*WRONG*
HUMEcnkvhJU,1020,?,S,0.428252,0.234550,0.428252,0.337198,*WRONG*
HUMEcnkvhJU,1050,?,S,0.408371,0.230606,0.408371,0.361023,*WRONG*
HUMEcnkvhJU,1080,?,S,0.455407,0.228579,0.455407,0.316014,*WRONG*
HUMEcnkvhJU,1110,?,S,0.404886,0.242828,0.404886,0.352287,*WRONG*
HUMEcnkvhJU,1140,?,S,0.387352,0.235646,0.387352,0.377002,*WRONG*
HUMEcnkvhJU,1170,?,S,0.393215,0.240473,0.393215,0.366312,*WRONG*
HUMEcnkvhJU,1200,?,S,0.405454,0.238555,0.405454,0.355991,*WRONG*
HUMEcnkvhJU,1230,?,S,0.408868,0.255093,0.408868,0.336040,*WRONG*
HUMEcnkvhJU,1260,?,S,0.377423,0.283350,0.377423,0.339227,*WRONG*
HUMEcnkvhJU,1290,?,S,0.359010,0.318705,0.359010,0.322285,*WRONG*
HUMEcnkvhJU,1320,?,S,0.431140,0.275446,0.431140,0.293414,*WRONG*
HUMEcnkvhJU,1350,?,S,0.421327,0.272130,0.421327,0.306543,*WRONG*
HUMEcnkvhJU,1380,?,S,0.415979,0.269616,0.415979,0.314405,*WRONG*
HUMEcnkvhJU,1410,?,S,0.415579,0.282052,0.415579,0.302369,*WRONG*
HUMEcnkvhJU,1440,?,S,0.409786,0.301362,0.409786,0.288852,*WRONG*
HUMEcnkvhJU,1470,?,S,0.459652,0.284651,0.459652,0.255696,*WRONG*
HUMEcnkvhJU,1500,?,S,0.476668,0.253637,0.476668,0.269695,*WRONG*
HUMEcnkvhJU,1530,?,S,0.430346,0.238828,0.430346,0.330826,*WRONG*
HUMEcnkvhJU,1560,?,n,0.382876,0.242746,0.374378,0.382876,*WRONG*
HUMEcnkvhJU,1590,?,S,0.400597,0.244339,0.400597,0.355064,*WRONG*
HUMEcnkvhJU,1620,?,S,0.405728,0.284337,0.405728,0.309935,*WRONG*
HUMEcnkvhJU,1650,?,S,0.400449,0.288837,0.400449,0.310714,*WRONG*
HUMEcnkvhJU,1680,?,S,0.393379,0.293291,0.393379,0.313330,*WRONG*
HUMEcnkvhJU,1710,?,S,0.408925,0.298010,0.408925,0.293065,*WRONG*
HUMEcnkvhJU,1740,?,S,0.390790,0.360344,0.390790,0.248865,*WRONG*
HUMEcnkvhJU,1770,?,S,0.398834,0.390208,0.398834,0.210959,*WRONG*
HUMEcnkvhJU,1800,?,S,0.423793,0.371454,0.423793,0.204753,*WRONG*
HUMEcnkvhJU,1830,?,S,0.415540,0.369099,0.415540,0.215361,*WRONG*
HUMEcnkvhJU,1860,?,P,0.389085,0.389085,0.368881,0.242034,*WRONG*
HUMEcnkvhJU,1890,?,S,0.395139,0.369922,0.395139,0.234939,*WRONG*
HUMEcnkvhJU,1920,?,S,0.418975,0.344204,0.418975,0.236821,*WRONG*
HUMEcnkvhJU,1950,?,S,0.408989,0.347230,0.408989,0.243782,*WRONG*
HUMEcnkvhJU,1980,?,S,0.421678,0.367428,0.421678,0.210894,*WRONG*
HUMEcnkvhJU,2010,?,S,0.431613,0.329593,0.431613,0.238794,*WRONG*
HUMEcnkvhJU,2040,?,S,0.451129,0.324943,0.451129,0.223928,*WRONG*
HUMEcnkvhJU,2070,?,S,0.428109,0.318907,0.428109,0.252984,*WRONG*
HUMEcnkvhJU,2100,?,S,0.404002,0.306486,0.404002,0.289512,*WRONG*
HUMEcnkvhJU,2130,?,S,0.351473,0.325483,0.351473,0.323045,*WRONG*
HUMEcnkvhJU,2160,?,S,0.371667,0.331966,0.371667,0.296367,*WRONG*
HUMEcnkvhJU,2190,?,n,0.342232,0.328219,0.329549,0.342232,*WRONG*
HUMEcnkvhJU,2220,?,S,0.395126,0.317075,0.395126,0.287799,*WRONG*
HUMEcnkvhJU,2250,?,S,0.425276,0.276988,0.425276,0.297736,*WRONG*
HUMEcnkvhJU,2280,?,S,0.483530,0.265989,0.483530,0.250482,*WRONG*
HUMEcnkvhJU,2310,?,S,0.431369,0.327847,0.431369,0.240784,*WRONG*
HUMEcnkvhJU,2340,?,S,0.482338,0.293390,0.482338,0.224272,*WRONG*
HUMEcnkvhJU,2370,?,S,0.485925,0.306598,0.485925,0.207477,*WRONG*
HUMEcnkvhJU,2400,?,S,0.491940,0.305240,0.491940,0.202820,*WRONG*
HUMEcnkvhJU,2430,?,S,0.477954,0.252543,0.477954,0.269503,*WRONG*
HUMEcnkvhJU,2460,?,S,0.486690,0.202426,0.486690,0.310883,*WRONG*
HUMEcnkvhJU,2490,?,S,0.487892,0.204910,0.487892,0.307197,*WRONG*
HUMEcnkvhJU,2520,?,S,0.501479,0.219540,0.501479,0.278981,*WRONG*
HUMEcnkvhJU,2550,?,S,0.478366,0.207289,0.478366,0.314345,*WRONG*
HUMEcnkvhJU,2580,?,S,0.494916,0.211710,0.494916,0.293374,*WRONG*
HUMEcnkvhJU,2610,?,S,0.493794,0.259077,0.493794,0.247129,*WRONG*
HUMEcnkvhJU,2640,?,S,0.410851,0.344284,0.410851,0.244865,*WRONG*
HUMEcnkvhJU,2670,?,S,0.424796,0.252966,0.424796,0.322238,*WRONG*
HUMEcnkvhJU,2700,?,S,0.472195,0.230813,0.472195,0.296992,*WRONG*
HUMEcnkvhJU,2730,?,S,0.480023,0.243890,0.480023,0.276087,*WRONG*
HUMEcnkvhJU,2760,?,S,0.474228,0.314645,0.474228,0.211127,*WRONG*
HUMEcnkvhJU,2790,?,P,0.379888,0.379888,0.373321,0.246791,*WRONG*
HUMEcnkvhJU,2820,?,S,0.381024,0.335631,0.381024,0.283345,*WRONG*
HUMEcnkvhJU,2850,?,S,0.395792,0.316850,0.395792,0.287358,*WRONG*
HUMEcnkvhJU,2880,?,S,0.348325,0.337660,0.348325,0.314016,*WRONG*
HUMEcnkvhJU,2910,?,S,0.403246,0.325165,0.403246,0.271588,*WRONG*
HUMEcnkvhJU,2940,?,n,0.371099,0.273171,0.355730,0.371099,*WRONG*
HUMEcnkvhJU,2970,?,n,0.350567,0.302455,0.346978,0.350567,*WRONG*
HUMEcnkvhJU,3000,?,S,0.361478,0.357396,0.361478,0.281125,*WRONG*
HUMEcnkvhJU,3030,?,P,0.371688,0.371688,0.358072,0.270241,*WRONG*
HUMEcnkvhJU,3060,?,P,0.404798,0.404798,0.325867,0.269335,*WRONG*
HUMEcnkvhJU,3090,?,S,0.368755,0.341727,0.368755,0.289519,*WRONG*
HUMEcnkvhJU,3120,?,P,0.358085,0.358085,0.314985,0.326930,*WRONG*
HUMEcnkvhJU,3150,?,P,0.376843,0.376843,0.360990,0.262167,*WRONG*
HUMEcnkvhJU,3180,?,P,0.398647,0.398647,0.328898,0.272455,*WRONG*
HUMEcnkvhJU,3210,?,P,0.386919,0.386919,0.327164,0.285917,*WRONG*
HUMEcnkvhJU,3240,?,P,0.367742,0.367742,0.361308,0.270950,*WRONG*
HUMEcnkvhJU,3270,?,S,0.388621,0.350362,0.388621,0.261017,*WRONG*
HUMEcnkvhJU,3300,?,P,0.372679,0.372679,0.346868,0.280453,*WRONG*
HUMEcnkvhJU,3330,?,P,0.387386,0.387386,0.380598,0.232017,*WRONG*
HUMEcnkvhJU,3360,?,P,0.403533,0.403533,0.376401,0.220067,*WRONG*
HUMEcnkvhJU,3390,?,P,0.410107,0.410107,0.372244,0.217648,*WRONG*
HUMEcnkvhJU,3420,?,P,0.411392,0.411392,0.370115,0.218493,*WRONG*
HUMEcnkvhJU,3450,?,P,0.425371,0.425371,0.409545,0.165084,*WRONG*
HUMEcnkvhJU,3480,?,S,0.383093,0.355433,0.383093,0.261475,*WRONG*
HUMEcnkvhJU,3510,?,S,0.400379,0.327422,0.400379,0.272200,*WRONG*
HUMEcnkvhJU,3540,?,S,0.436318,0.286785,0.436318,0.276897,*WRONG*
HUMEcnkvhJU,3570,?,S,0.428438,0.295204,0.428438,0.276358,*WRONG*
HUMEcnkvhJU,3600,?,S,0.414769,0.276892,0.414769,0.308338,*WRONG*
HUMEcnkvhJU,3630,?,S,0.402941,0.321404,0.402941,0.275655,*WRONG*
HUMEcnkvhJU,3660,?,S,0.405089,0.299359,0.405089,0.295553,*WRONG*
HUMEcnkvhJU,3690,?,S,0.408797,0.303667,0.408797,0.287536,*WRONG*
HUMEcnkvhJU,3720,?,S,0.406265,0.303253,0.406265,0.290481,*WRONG*
HUMEcnkvhJU,3750,?,S,0.376387,0.321251,0.376387,0.302361,*WRONG*
HUMEcnkvhJU,3780,?,S,0.408317,0.333981,0.408317,0.257702,*WRONG*
HUMEcnkvhJU,3810,?,S,0.413171,0.323338,0.413171,0.263490,*WRONG*
HUMEcnkvhJU,3840,?,S,0.395503,0.351474,0.395503,0.253023,*WRONG*
HUMEcnkvhJU,3870,?,P,0.380804,0.380804,0.375497,0.243698,*WRONG*
HUMEcnkvhJU,3900,?,S,0.373761,0.345832,0.373761,0.280408,*WRONG*
HUMEcnkvhJU,3930,?,S,0.409568,0.364373,0.409568,0.226060,*WRONG*
HUMEcnkvhJU,3960,?,S,0.473692,0.331246,0.473692,0.195062,*WRONG*
HUMEcnkvhJU,3990,?,S,0.498509,0.255171,0.498509,0.246319,*WRONG*
HUMEcnkvhJU,4020,?,S,0.430987,0.277015,0.430987,0.291998,*WRONG*
HUMEcnkvhJU,4050,?,S,0.431258,0.270331,0.431258,0.298412,*WRONG*
HUMEcnkvhJU,4080,?,S,0.452939,0.256860,0.452939,0.290201,*WRONG*
HUMEcnkvhJU,4110,?,S,0.436878,0.296914,0.436878,0.266208,*WRONG*
HUMEcnkvhJU,4140,?,S,0.461177,0.310381,0.461177,0.228442,*WRONG*
HUMEcnkvhJU,4170,?,S,0.465400,0.321182,0.465400,0.213418,*WRONG*
HUMEcnkvhJU,4200,?,S,0.450224,0.325770,0.450224,0.224007,*WRONG*
HUMEcnkvhJU,4230,?,S,0.467507,0.318567,0.467507,0.213925,*WRONG*
HUMEcnkvhJU,4260,?,S,0.448709,0.314347,0.448709,0.236944,*WRONG*
HUMEcnkvhJU,4290,?,S,0.402085,0.303731,0.402085,0.294183,*WRONG*
HUMEcnkvhJU,4320,?,S,0.469812,0.286541,0.469812,0.243646,*WRONG*
HUMEcnkvhJU,4350,?,S,0.417244,0.334286,0.417244,0.248470,*WRONG*
HUMEcnkvhJU,4380,?,S,0.465862,0.268734,0.465862,0.265404,*WRONG*
HUMEcnkvhJU,4410,?,S,0.485644,0.271539,0.485644,0.242818,*WRONG*
HUMEcnkvhJU,4440,?,S,0.436127,0.291740,0.436127,0.272133,*WRONG*
HUMEcnkvhJU,4470,?,S,0.376354,0.338235,0.376354,0.285411,*WRONG*
HUMEcnkvhJU,4500,?,S,0.419337,0.338801,0.419337,0.241862,*WRONG*
HUMEcnkvhJU,4530,?,S,0.402662,0.333762,0.402662,0.263576,*WRONG*
HUMEcnkvhJU,4560,?,S,0.381050,0.326542,0.381050,0.292408,*WRONG*
HUMEcnkvhJU,4590,?,S,0.391649,0.318696,0.391649,0.289656,*WRONG*
HUMEcnkvhJU,4620,?,S,0.432250,0.305637,0.432250,0.262113,*WRONG*
HUMEcnkvhJU,4650,?,S,0.496573,0.239961,0.496573,0.263467,*WRONG*
HUMEcnkvhJU,4680,?,S,0.526453,0.233781,0.526453,0.239766,*WRONG*
HUMEcnkvhJU,4710,?,S,0.509190,0.280635,0.509190,0.210175,*WRONG*
HUMEcnkvhJU,4740,?,S,0.482773,0.285040,0.482773,0.232188,*WRONG*
HUMEcnkvhJU,4770,?,S,0.504282,0.263293,0.504282,0.232425,*WRONG*
HUMEcnkvhJU,4800,?,S,0.456720,0.283947,0.456720,0.259334,*WRONG*
HUMEcnkvhJU,4830,?,S,0.419434,0.314723,0.419434,0.265844,*WRONG*
HUMEcnkvhJU,4860,?,S,0.421736,0.301818,0.421736,0.276446,*WRONG*
HUMEcnkvhJU,4890,?,S,0.435641,0.347271,0.435641,0.217089,*WRONG*
HUMEcnkvhJU,4920,?,P,0.363781,0.363781,0.348269,0.287950,*WRONG*
HUMEcnkvhJU,4950,?,n,0.340825,0.329165,0.330011,0.340825,*WRONG*
HUMEcnkvhJU,4980,?,P,0.351977,0.351977,0.322960,0.325062,*WRONG*
HUMEcnkvhJU,5010,?,P,0.362293,0.362293,0.321076,0.316631,*WRONG*
HUMEcnkvhJU,5040,?,S,0.348409,0.344706,0.348409,0.306885,*WRONG*
HUMEcnkvhJU,5070,?,P,0.353904,0.353904,0.311241,0.334854,*WRONG*
HUMEcnkvhJU,5100,?,S,0.363389,0.350183,0.363389,0.286428,*WRONG*
HUMEcnkvhJU,5130,?,S,0.397470,0.311926,0.397470,0.290604,*WRONG*
HUMEcnkvhJU,5160,?,P,0.370372,0.370372,0.357719,0.271908,*WRONG*
HUMEcnkvhJU,5190,?,P,0.436460,0.436460,0.273884,0.289656,*WRONG*
HUMEcnkvhJU,5220,?,P,0.371744,0.371744,0.286032,0.342223,*WRONG*
HUMEcnkvhJU,5250,?,P,0.348578,0.348578,0.330121,0.321302,*WRONG*
HUMEcnkvhJU,5280,?,n,0.400941,0.284734,0.314325,0.400941,*WRONG*
HUMEcnkvhJU,5310,?,n,0.401549,0.269218,0.329233,0.401549,*WRONG*
HUMEcnkvhJU,5340,?,n,0.398128,0.298551,0.303321,0.398128,*WRONG*
HUMEcnkvhJU,5370,?,n,0.442700,0.271770,0.285531,0.442700,*WRONG*
HUMEcnkvhJU,5400,?,n,0.440889,0.275913,0.283198,0.440889,*WRONG*
HUMEcnkvhJU,5430,?,n,0.454921,0.241610,0.303469,0.454921,*WRONG*
HUMEcnkvhJU,5460,?,n,0.423928,0.286643,0.289429,0.423928,*WRONG*
HUMEcnkvhJU,5490,?,n,0.447638,0.254297,0.298065,0.447638,*WRONG*
HUMEcnkvhJU,5520,?,n,0.406037,0.279789,0.314175,0.406037,*WRONG*
HUMEcnkvhJU,5550,?,S,0.350314,0.314002,0.350314,0.335684,*WRONG*
HUMEcnkvhJU,5580,?,S,0.360738,0.297402,0.360738,0.341860,*WRONG*
HUMEcnkvhJU,5610,?,S,0.410221,0.286696,0.410221,0.303083,*WRONG*
HUMEcnkvhJU,5640,?,S,0.418881,0.298927,0.418881,0.282192,*WRONG*
HUMEcnkvhJU,5670,?,S,0.418398,0.288275,0.418398,0.293327,*WRONG*
HUMEcnkvhJU,5700,?,S,0.398111,0.301898,0.398111,0.299991,*WRONG*
HUMEcnkvhJU,5730,?,S,0.352808,0.320874,0.352808,0.326318,*WRONG*
HUMEcnkvhJU,5760,?,n,0.362577,0.321646,0.315777,0.362577,*WRONG*
HUMEcnkvhJU,5790,?,n,0.389679,0.307258,0.303063,0.389679,*WRONG*
HUMEcnkvhJU,5820,?,n,0.380369,0.295618,0.324013,0.380369,*WRONG*
HUMEcnkvhJU,5850,?,n,0.370641,0.270513,0.358846,0.370641,*WRONG*
HUMEcnkvhJU,5880,?,S,0.367231,0.268616,0.367231,0.364153,*WRONG*
HUMEcnkvhJU,5910,?,S,0.381769,0.265569,0.381769,0.352662,*WRONG*
HUMEcnkvhJU,5940,?,n,0.368120,0.286466,0.345414,0.368120,*WRONG*
HUMEcnkvhJU,5970,?,S,0.339937,0.334429,0.339937,0.325635,*WRONG*
HUMEcnkvhJU,6000,?,S,0.379354,0.338371,0.379354,0.282275,*WRONG*
HUMEcnkvhJU,6030,?,S,0.384486,0.375344,0.384486,0.240170,*WRONG*
HUMEcnkvhJU,6060,?,S,0.386023,0.350686,0.386023,0.263291,*WRONG*
HUMEcnkvhJU,6090,?,S,0.355348,0.325190,0.355348,0.319462,*WRONG*
HUMEcnkvhJU,6120,?,S,0.383310,0.324056,0.383310,0.292634,*WRONG*
HUMEcnkvhJU,6150,?,S,0.429225,0.302687,0.429225,0.268088,*WRONG*
HUMEcnkvhJU,6180,?,S,0.423355,0.319893,0.423355,0.256752,*WRONG*
HUMEcnkvhJU,6210,?,S,0.368491,0.326146,0.368491,0.305362,*WRONG*
HUMEcnkvhJU,6240,?,S,0.387676,0.328917,0.387676,0.283407,*WRONG*
HUMEcnkvhJU,6270,?,S,0.408742,0.285907,0.408742,0.305351,*WRONG*
HUMEcnkvhJU,6300,?,S,0.375855,0.274288,0.375855,0.349857,*WRONG*
HUMEcnkvhJU,6330,?,n,0.460976,0.261358,0.277666,0.460976,*WRONG*
HUMEcnkvhJU,6360,?,n,0.527502,0.231015,0.241483,0.527502,*WRONG*
HUMEcnkvhJU,6390,?,n,0.531842,0.201221,0.266937,0.531842,*WRONG*
HUMEcnkvhJU,6420,?,n,0.397463,0.302518,0.300020,0.397463,*WRONG*
HUMEcnkvhJU,6450,?,P,0.351664,0.351664,0.298777,0.349559,*WRONG*
HUMEcnkvhJU,6480,?,n,0.378837,0.332918,0.288245,0.378837,*WRONG*
HUMEcnkvhJU,6510,?,n,0.369436,0.328171,0.302392,0.369436,*WRONG*
HUMEcnkvhJU,6540,?,n,0.399051,0.311439,0.289510,0.399051,*WRONG*
HUMEcnkvhJU,6570,?,n,0.388458,0.301886,0.309656,0.388458,*WRONG*
HUMEcnkvhJU,6600,?,n,0.436262,0.262969,0.300770,0.436262,*WRONG*
HUMEcnkvhJU,6630,?,n,0.475646,0.252138,0.272216,0.475646,*WRONG*
HUMEcnkvhJU,6660,?,n,0.438343,0.264270,0.297387,0.438343,*WRONG*
HUMEcnkvhJU,6690,?,n,0.466289,0.240619,0.293093,0.466289,*WRONG*
HUMEcnkvhJU,6720,?,n,0.456800,0.258771,0.284429,0.456800,*WRONG*
HUMEcnkvhJU,6750,?,n,0.390288,0.274103,0.335609,0.390288,*WRONG*
HUMEcnkvhJU,6780,?,S,0.380402,0.257967,0.380402,0.361630,*WRONG*
HUMEcnkvhJU,6810,?,S,0.368087,0.287836,0.368087,0.344077,*WRONG*
HUMEcnkvhJU,6840,?,n,0.356403,0.334448,0.309149,0.356403,*WRONG*
HUMEcnkvhJU,6870,?,n,0.361517,0.339999,0.298484,0.361517,*WRONG*
HUMEcnkvhJU,6900,?,n,0.417645,0.316093,0.266262,0.417645,*WRONG*
HUMEcnkvhJU,6930,?,n,0.395665,0.312358,0.291977,0.395665,*WRONG*
HUMEcnkvhJU,6960,?,n,0.339383,0.338272,0.322345,0.339383,*WRONG*
HUMEcnkvhJU,6990,?,S,0.343867,0.334302,0.343867,0.321831,*WRONG*
HUMEcnkvhJU,7020,?,S,0.366129,0.351447,0.366129,0.282424,*WRONG*
HUMEcnkvhJU,7050,?,S,0.399484,0.357949,0.399484,0.242567,*WRONG*
HUMEcnkvhJU,7080,?,P,0.392772,0.392772,0.369643,0.237585,*WRONG*
HUMEcnkvhJU,7110,?,P,0.384778,0.384778,0.382324,0.232898,*WRONG*
HUMEcnkvhJU,7140,?,S,0.399937,0.376576,0.399937,0.223487,*WRONG*
HUMEcnkvhJU,7170,?,P,0.413268,0.413268,0.355522,0.231210,*WRONG*
HUMEcnkvhJU,7200,?,P,0.398414,0.398414,0.333570,0.268016,*WRONG*
HUMEcnkvhJU,7230,?,P,0.367645,0.367645,0.358344,0.274011,*WRONG*
HUMEcnkvhJU,7260,?,S,0.400587,0.312948,0.400587,0.286465,*WRONG*
HUMEcnkvhJU,7290,?,S,0.405593,0.327038,0.405593,0.267369,*WRONG*
HUMEcnkvhJU,7320,?,P,0.392694,0.392694,0.370915,0.236391,*WRONG*
HUMEcnkvhJU,7350,?,S,0.387289,0.352832,0.387289,0.259879,*WRONG*
HUMEcnkvhJU,7380,?,S,0.377849,0.318894,0.377849,0.303257,*WRONG*
HUMEcnkvhJU,7410,?,P,0.356283,0.356283,0.314755,0.328962,*WRONG*
HUMEcnkvhJU,7440,?,P,0.391599,0.391599,0.259526,0.348874,*WRONG*
HUMEcnkvhJU,7470,?,P,0.368304,0.368304,0.273945,0.357751,*WRONG*
HUMEcnkvhJU,7500,?,P,0.369164,0.369164,0.288335,0.342501,*WRONG*
HUMEcnkvhJU,7530,?,P,0.380862,0.380862,0.297101,0.322037,*WRONG*
HUMEcnkvhJU,7560,?,P,0.402421,0.402421,0.269627,0.327952,*WRONG*
HUMEcnkvhJU,7590,?,P,0.359365,0.359365,0.297406,0.343229,*WRONG*
HUMEcnkvhJU,7620,?,n,0.348319,0.342046,0.309635,0.348319,*WRONG*
HUMEcnkvhJU,7650,?,n,0.367498,0.301456,0.331046,0.367498,*WRONG*
HUMEcnkvhJU,7680,?,S,0.356043,0.300453,0.356043,0.343505,*WRONG*
HUMEcnkvhJU,7710,?,n,0.371770,0.288518,0.339711,0.371770,*WRONG*
HUMEcnkvhJU,7740,?,n,0.345041,0.321481,0.333479,0.345041,*WRONG*
HUMEcnkvhJU,7770,?,n,0.356360,0.337221,0.306419,0.356360,*WRONG*
HUMEcnkvhJU,7800,?,n,0.376823,0.296257,0.326920,0.376823,*WRONG*
HUMEcnkvhJU,7830,?,n,0.387814,0.317890,0.294296,0.387814,*WRONG*
HUMEcnkvhJU,7860,?,n,0.423801,0.288632,0.287567,0.423801,*WRONG*
HUMEcnkvhJU,7890,?,n,0.348279,0.329441,0.322280,0.348279,*WRONG*
HUMEcnkvhJU,7920,?,P,0.349050,0.349050,0.325028,0.325922,*WRONG*
HUMEcnkvhJU,7950,?,n,0.354138,0.319783,0.326079,0.354138,*WRONG*
HUMEcnkvhJU,7980,?,S,0.377065,0.294927,0.377065,0.328008,*WRONG*
HUMEcnkvhJU,8010,?,n,0.344347,0.321403,0.334250,0.344347,*WRONG*
HUMEcnkvhJU,8040,?,n,0.345665,0.322133,0.332202,0.345665,*WRONG*
HUMEcnkvhJU,8070,?,P,0.348217,0.348217,0.304855,0.346929,*WRONG*
HUMEcnkvhJU,8100,?,S,0.338523,0.337066,0.338523,0.324411,*WRONG*
HUMEcnkvhJU,8130,?,S,0.399440,0.309195,0.399440,0.291365,*WRONG*
HUMEcnkvhJU,8160,?,S,0.413232,0.305840,0.413232,0.280928,*WRONG*
HUMEcnkvhJU,8190,?,S,0.371727,0.316346,0.371727,0.311927,*WRONG*
HUMEcnkvhJU,8220,?,S,0.380724,0.310492,0.380724,0.308784,*WRONG*
HUMEcnkvhJU,8250,?,S,0.349973,0.303983,0.349973,0.346044,*WRONG*
HUMEcnkvhJU,8280,?,S,0.380258,0.287042,0.380258,0.332700,*WRONG*
HUMEcnkvhJU,8310,?,S,0.394490,0.292489,0.394490,0.313021,*WRONG*
HUMEcnkvhJU,8340,?,S,0.376206,0.285654,0.376206,0.338140,*WRONG*
HUMEcnkvhJU,8370,?,S,0.395212,0.284426,0.395212,0.320362,*WRONG*
HUMEcnkvhJU,8400,?,S,0.373162,0.276979,0.373162,0.349859,*WRONG*
HUMEcnkvhJU,8430,?,n,0.372766,0.284175,0.343059,0.372766,*WRONG*
HUMEcnkvhJU,8460,?,S,0.337417,0.325482,0.337417,0.337101,*WRONG*
HUMEcnkvhJU,8490,?,n,0.352049,0.328880,0.319071,0.352049,*WRONG*
HUMEcnkvhJU,8520,?,S,0.373129,0.302568,0.373129,0.324302,*WRONG*
HUMEcnkvhJU,8550,?,S,0.410300,0.270016,0.410300,0.319684,*WRONG*
HUMEcnkvhJU,8580,?,S,0.445786,0.246286,0.445786,0.307928,*WRONG*
HUMEcnkvhJU,8610,?,S,0.472335,0.248422,0.472335,0.279243,*WRONG*
HUMEcnkvhJU,8640,?,S,0.470533,0.253806,0.470533,0.275661,*WRONG*
HUMEcnkvhJU,8670,?,S,0.454949,0.235149,0.454949,0.309902,*WRONG*
HUMEcnkvhJU,8700,?,S,0.487872,0.208605,0.487872,0.303523,*WRONG*
HUMEcnkvhJU,8730,?,S,0.430170,0.257312,0.430170,0.312518,*WRONG*
HUMEcnkvhJU,8760,?,S,0.428515,0.270112,0.428515,0.301373,*WRONG*
HUMEcnkvhJU,8790,?,S,0.453878,0.257458,0.453878,0.288663,*WRONG*
HUMEcnkvhJU,8820,?,S,0.409447,0.261680,0.409447,0.328873,*WRONG*
HUMEcnkvhJU,8850,?,S,0.442116,0.244339,0.442116,0.313544,*WRONG*
HUMEcnkvhJU,8880,?,S,0.477126,0.218959,0.477126,0.303915,*WRONG*
HUMEcnkvhJU,8910,?,S,0.470518,0.202561,0.470518,0.326920,*WRONG*
HUMEcnkvhJU,8940,?,S,0.475891,0.208298,0.475891,0.315811,*WRONG*
HUMEcnkvhJU,8970,?,S,0.489139,0.242424,0.489139,0.268438,*WRONG*
HUMEcnkvhJU,9000,?,S,0.492836,0.263192,0.492836,0.243972,*WRONG*
HUMEcnkvhJU,9030,?,S,0.469203,0.283325,0.469203,0.247472,*WRONG*
HUMEcnkvhJU,9060,?,S,0.447566,0.285995,0.447566,0.266439,*WRONG*
HUMEcnkvhJU,9090,?,S,0.492107,0.273606,0.492107,0.234287,*WRONG*
HUMEcnkvhJU,9120,?,S,0.496080,0.265164,0.496080,0.238756,*WRONG*
HUMEcnkvhJU,9150,?,S,0.485660,0.299301,0.485660,0.215039,*WRONG*
HUMEcnkvhJU,9180,?,S,0.502571,0.268721,0.502571,0.228709,*WRONG*
HUMEcnkvhJU,9210,?,S,0.456397,0.317040,0.456397,0.226563,*WRONG*
HUMEcnkvhJU,9240,?,S,0.402921,0.382103,0.402921,0.214976,*WRONG*
HUMEcnkvhJU,9270,?,S,0.382848,0.361017,0.382848,0.256135,*WRONG*
HUMEcnkvhJU,9300,?,S,0.411021,0.316233,0.411021,0.272746,*WRONG*
HUMEcnkvhJU,9330,?,S,0.420993,0.326784,0.420993,0.252223,*WRONG*
HUMEcnkvhJU,9360,?,S,0.391150,0.287149,0.391150,0.321701,*WRONG*
HUMEcnkvhJU,9390,?,P,0.351033,0.351033,0.349469,0.299497,*WRONG*
HUMEcnkvhJU,9420,?,P,0.362932,0.362932,0.334396,0.302672,*WRONG*
HUMEcnkvhJU,9450,?,P,0.366527,0.366527,0.352165,0.281308,*WRONG*
HUMEcnkvhJU,9480,?,P,0.376811,0.376811,0.359504,0.263685,*WRONG*
HUMEcnkvhJU,9510,?,S,0.399870,0.334692,0.399870,0.265438,*WRONG*
HUMEcnkvhJU,9540,?,S,0.423572,0.293151,0.423572,0.283277,*WRONG*
HUMEcnkvhJU,9570,?,S,0.400577,0.294106,0.400577,0.305317,*WRONG*
HUMEcnkvhJU,9600,?,S,0.418068,0.287923,0.418068,0.294009,*WRONG*
HUMEcnkvhJU,9630,?,S,0.411581,0.307570,0.411581,0.280849,*WRONG*
HUMEcnkvhJU,9660,?,S,0.421257,0.299376,0.421257,0.279367,*WRONG*
HUMEcnkvhJU,9690,?,S,0.395316,0.334840,0.395316,0.269844,*WRONG*
HUMEcnkvhJU,9720,?,P,0.405104,0.405104,0.345416,0.249480,*WRONG*
HUMEcnkvhJU,9750,?,P,0.389319,0.389319,0.317503,0.293177,*WRONG*
HUMEcnkvhJU,9780,?,P,0.383853,0.383853,0.284835,0.331312,*WRONG*
HUMEcnkvhJU,9810,?,P,0.346158,0.346158,0.308454,0.345388,*WRONG*
HUMEcnkvhJU,9840,?,S,0.364970,0.332267,0.364970,0.302763,*WRONG*
HUMEcnkvhJU,9870,?,S,0.368829,0.339392,0.368829,0.291779,*WRONG*
HUMEcnkvhJU,9900,?,S,0.382728,0.339546,0.382728,0.277727,*WRONG*
HUMEcnkvhJU,9930,?,S,0.399941,0.314842,0.399941,0.285217,*WRONG*
HUMEcnkvhJU,9960,?,S,0.405163,0.314272,0.405163,0.280565,*WRONG*
HUMEcnkvhJU,9990,?,S,0.413694,0.297734,0.413694,0.288572,*WRONG*
HUMEcnkvhJU,10020,?,S,0.435258,0.256304,0.435258,0.308438,*WRONG*
HUMEcnkvhJU,10050,?,S,0.414220,0.248093,0.414220,0.337688,*WRONG*
HUMEcnkvhJU,10080,?,S,0.411602,0.230763,0.411602,0.357635,*WRONG*
HUMEcnkvhJU,10110,?,S,0.410834,0.224444,0.410834,0.364723,*WRONG*
HUMEcnkvhJU,10140,?,S,0.401982,0.231627,0.401982,0.366391,*WRONG*
HUMEcnkvhJU,10170,?,S,0.395600,0.252674,0.395600,0.351725,*WRONG*
HUMEcnkvhJU,10200,?,n,0.378032,0.255392,0.366576,0.378032,*WRONG*
HUMEcnkvhJU,10230,?,S,0.361045,0.311780,0.361045,0.327175,*WRONG*
HUMEcnkvhJU,10260,?,P,0.372539,0.372539,0.322637,0.304823,*WRONG*
HUMEcnkvhJU,10290,?,S,0.357019,0.355310,0.357019,0.287671,*WRONG*
HUMEcnkvhJU,10320,?,P,0.346112,0.346112,0.344465,0.309423,*WRONG*
HUMEcnkvhJU,10350,?,P,0.368980,0.368980,0.333941,0.297078,*WRONG*
HUMEcnkvhJU,10380,?,P,0.348805,0.348805,0.346229,0.304966,*WRONG*
HUMEcnkvhJU,10410,?,P,0.349259,0.349259,0.347583,0.303158,*WRONG*
HUMEcnkvhJU,10440,?,P,0.353240,0.353240,0.348419,0.298341,*WRONG*
HUMEcnkvhJU,10470,?,P,0.375798,0.375798,0.356932,0.267270,*WRONG*
HUMEcnkvhJU,10500,?,P,0.359092,0.359092,0.358762,0.282146,*WRONG*
HUMEcnkvhJU,10530,?,S,0.360964,0.357368,0.360964,0.281668,*WRONG*
HUMEcnkvhJU,10560,?,S,0.394086,0.325452,0.394086,0.280462,*WRONG*
HUMEcnkvhJU,10590,?,P,0.351771,0.351771,0.324369,0.323860,*WRONG*
HUMEcnkvhJU,10620,?,S,0.366497,0.302643,0.366497,0.330860,*WRONG*
HUMEcnkvhJU,10650,?,S,0.369978,0.326046,0.369978,0.303976,*WRONG*
HUMEcnkvhJU,10680,?,S,0.362623,0.333112,0.362623,0.304265,*WRONG*
HUMEcnkvhJU,10710,?,P,0.360445,0.360445,0.328995,0.310561,*WRONG*
HUMEcnkvhJU,10740,?,P,0.367936,0.367936,0.274290,0.357774,*WRONG*
HUMEcnkvhJU,10770,?,n,0.335658,0.335144,0.329199,0.335658,*WRONG*
HUMEcnkvhJU,10800,?,n,0.367160,0.290857,0.341982,0.367160,*WRONG*
HUMEcnkvhJU,10830,?,n,0.369331,0.274965,0.355704,0.369331,*WRONG*
HUMEcnkvhJU,10860,?,n,0.401605,0.248322,0.350073,0.401605,*WRONG*
HUMEcnkvhJU,10890,?,S,0.357710,0.289876,0.357710,0.352414,*WRONG*
HUMEcnkvhJU,10920,?,n,0.350686,0.300964,0.348351,0.350686,*WRONG*
HUMEcnkvhJU,10950,?,n,0.376026,0.293222,0.330752,0.376026,*WRONG*
HUMEcnkvhJU,10980,?,n,0.395430,0.272183,0.332387,0.395430,*WRONG*
HUMEcnkvhJU,11010,?,n,0.393458,0.276537,0.330005,0.393458,*WRONG*
HUMEcnkvhJU,11040,?,n,0.363464,0.285120,0.351416,0.363464,*WRONG*
HUMEcnkvhJU,11070,?,n,0.340266,0.335803,0.323931,0.340266,*WRONG*
HUMEcnkvhJU,11100,?,n,0.356167,0.337577,0.306256,0.356167,*WRONG*
HUMEcnkvhJU,11130,?,P,0.357799,0.357799,0.320003,0.322198,*WRONG*
HUMEcnkvhJU,11160,?,S,0.367262,0.334145,0.367262,0.298593,*WRONG*
HUMEcnkvhJU,11190,?,S,0.392709,0.311366,0.392709,0.295925,*WRONG*
HUMEcnkvhJU,11220,?,S,0.382145,0.277980,0.382145,0.339876,*WRONG*
HUMEcnkvhJU,11250,?,n,0.385100,0.238628,0.376272,0.385100,*WRONG*
HUMEcnkvhJU,11280,?,n,0.419502,0.245097,0.335401,0.419502,*WRONG*
HUMEcnkvhJU,11310,?,S,0.404745,0.231452,0.404745,0.363802,*WRONG*
HUMEcnkvhJU,11340,?,S,0.421894,0.227863,0.421894,0.350242,*WRONG*
HUMEcnkvhJU,11370,?,S,0.404804,0.244029,0.404804,0.351166,*WRONG*
HUMEcnkvhJU,11400,?,S,0.399542,0.236362,0.399542,0.364096,*WRONG*
HUMEcnkvhJU,11430,?,S,0.428819,0.255628,0.428819,0.315553,*WRONG*
HUMEcnkvhJU,11460,?,n,0.405240,0.263333,0.331428,0.405240,*WRONG*
HUMEcnkvhJU,11490,?,n,0.396866,0.299215,0.303919,0.396866,*WRONG*
HUMEcnkvhJU,11520,?,n,0.362793,0.283789,0.353418,0.362793,*WRONG*
HUMEcnkvhJU,11550,?,S,0.370872,0.268041,0.370872,0.361087,*WRONG*
HUMEcnkvhJU,11580,?,n,0.372696,0.288959,0.338346,0.372696,*WRONG*
HUMEcnkvhJU,11610,?,n,0.407443,0.268979,0.323577,0.407443,*WRONG*
HUMEcnkvhJU,11640,?,n,0.415780,0.273921,0.310300,0.415780,*WRONG*
HUMEcnkvhJU,11670,?,n,0.386010,0.304902,0.309088,0.386010,*WRONG*
HUMEcnkvhJU,11700,?,n,0.403170,0.338008,0.258821,0.403170,*WRONG*
HUMEcnkvhJU,11730,?,n,0.369622,0.332169,0.298209,0.369622,*WRONG*
HUMEcnkvhJU,11760,?,n,0.374483,0.305920,0.319597,0.374483,*WRONG*
HUMEcnkvhJU,11790,?,n,0.344093,0.317276,0.338631,0.344093,*WRONG*
HUMEcnkvhJU,11820,?,n,0.413295,0.284021,0.302684,0.413295,*WRONG*
HUMEcnkvhJU,11850,?,n,0.422100,0.306573,0.271327,0.422100,*WRONG*
HUMEcnkvhJU,11880,?,n,0.426291,0.310539,0.263170,0.426291,*WRONG*
HUMEcnkvhJU,11910,?,n,0.432587,0.256547,0.310866,0.432587,*WRONG*
HUMEcnkvhJU,11940,?,n,0.402115,0.240131,0.357755,0.402115,*WRONG*
HUMEcnkvhJU,11970,?,S,0.402662,0.236757,0.402662,0.360581,*WRONG*
HUMEcnkvhJU,12000,?,S,0.366481,0.315399,0.366481,0.318120,*WRONG*
HUMEcnkvhJU,12030,?,S,0.356018,0.328894,0.356018,0.315088,*WRONG*
HUMEcnkvhJU,12060,?,P,0.355937,0.355937,0.334563,0.309501,*WRONG*
HUMEcnkvhJU,12090,?,S,0.382016,0.286690,0.382016,0.331295,*WRONG*
HUMEcnkvhJU,12120,?,S,0.375454,0.297662,0.375454,0.326884,*WRONG*
HUMEcnkvhJU,12150,?,S,0.378131,0.319986,0.378131,0.301883,*WRONG*
HUMEcnkvhJU,12180,?,S,0.407251,0.282018,0.407251,0.310731,*WRONG*
HUMEcnkvhJU,12210,?,S,0.409327,0.257844,0.409327,0.332829,*WRONG*
HUMEcnkvhJU,12240,?,S,0.404524,0.266614,0.404524,0.328862,*WRONG*
HUMEcnkvhJU,12270,?,S,0.390358,0.262497,0.390358,0.347144,*WRONG*
HUMEcnkvhJU,12300,?,n,0.367537,0.277572,0.354891,0.367537,*WRONG*
HUMEcnkvhJU,12330,?,n,0.359460,0.291620,0.348920,0.359460,*WRONG*
HUMEcnkvhJU,12360,?,n,0.357172,0.293498,0.349329,0.357172,*WRONG*
HUMEcnkvhJU,12390,?,S,0.370496,0.288080,0.370496,0.341423,*WRONG*
HUMEcnkvhJU,12420,?,S,0.393111,0.258992,0.393111,0.347897,*WRONG*
HUMEcnkvhJU,12450,?,S,0.399486,0.230696,0.399486,0.369818,*WRONG*
HUMEcnkvhJU,12480,?,S,0.415733,0.227834,0.415733,0.356433,*WRONG*
HUMEcnkvhJU,12510,?,S,0.417021,0.263200,0.417021,0.319779,*WRONG*
HUMEcnkvhJU,12540,?,S,0.412917,0.254875,0.412917,0.332208,*WRONG*
HUMEcnkvhJU,12570,?,S,0.398316,0.227611,0.398316,0.374073,*WRONG*
HUMEcnkvhJU,12600,?,n,0.423581,0.212877,0.363541,0.423581,*WRONG*
HUMEcnkvhJU,12630,?,n,0.433246,0.223685,0.343069,0.433246,*WRONG*
HUMEcnkvhJU,12660,?,n,0.482222,0.225418,0.292360,0.482222,*WRONG*
HUMEcnkvhJU,12690,?,n,0.494849,0.221737,0.283415,0.494849,*WRONG*
HUMEcnkvhJU,12720,?,n,0.420846,0.249698,0.329456,0.420846,*WRONG*
HUMEcnkvhJU,12750,?,n,0.479456,0.188876,0.331667,0.479456,*WRONG*
HUMEcnkvhJU,12780,?,n,0.451980,0.182998,0.365022,0.451980,*WRONG*
HUMEcnkvhJU,12810,?,n,0.439546,0.166167,0.394287,0.439546,*WRONG*
HUMEcnkvhJU,12840,?,n,0.463776,0.171425,0.364799,0.463776,*WRONG*
HUMEcnkvhJU,12870,?,n,0.426261,0.179719,0.394019,0.426261,*WRONG*
HUMEcnkvhJU,12900,?,S,0.398394,0.217743,0.398394,0.383863,*WRONG*
HUMEcnkvhJU,12930,?,n,0.388229,0.264275,0.347496,0.388229,*WRONG*
HUMEcnkvhJU,12960,?,n,0.373255,0.305403,0.321342,0.373255,*WRONG*
HUMEcnkvhJU,12990,?,n,0.349837,0.314457,0.335706,0.349837,*WRONG*
HUMEcnkvhJU,13020,?,S,0.353502,0.339231,0.353502,0.307268,*WRONG*
HUMEcnkvhJU,13050,?,S,0.346808,0.331785,0.346808,0.321407,*WRONG*
HUMEcnkvhJU,13080,?,S,0.346633,0.336973,0.346633,0.316394,*WRONG*
HUMEcnkvhJU,13110,?,n,0.404752,0.281522,0.313726,0.404752,*WRONG*
HUMEcnkvhJU,13140,?,n,0.434409,0.239012,0.326579,0.434409,*WRONG*
HUMEcnkvhJU,13170,?,S,0.403142,0.242528,0.403142,0.354330,*WRONG*
HUMEcnkvhJU,13200,?,S,0.417007,0.261558,0.417007,0.321435,*WRONG*
HUMEcnkvhJU,13230,?,S,0.388848,0.306421,0.388848,0.304731,*WRONG*
HUMEcnkvhJU,13260,?,n,0.386945,0.233324,0.379731,0.386945,*WRONG*
HUMEcnkvhJU,13290,?,S,0.409183,0.227946,0.409183,0.362871,*WRONG*
HUMEcnkvhJU,13320,?,S,0.379146,0.260484,0.379146,0.360370,*WRONG*
HUMEcnkvhJU,13350,?,S,0.386336,0.245440,0.386336,0.368224,*WRONG*
HUMEcnkvhJU,13380,?,S,0.391699,0.229959,0.391699,0.378342,*WRONG*
HUMEcnkvhJU,13410,?,S,0.382951,0.258238,0.382951,0.358811,*WRONG*
HUMEcnkvhJU,13440,?,S,0.410147,0.300569,0.410147,0.289284,*WRONG*
HUMEcnkvhJU,13470,?,S,0.445826,0.297623,0.445826,0.256551,*WRONG*
HUMEcnkvhJU,13500,?,S,0.471048,0.276314,0.471048,0.252638,*WRONG*
HUMEcnkvhJU,13530,?,S,0.454918,0.279832,0.454918,0.265250,*WRONG*
HUMEcnkvhJU,13560,?,S,0.387188,0.340891,0.387188,0.271921,*WRONG*
HUMEcnkvhJU,13590,?,S,0.398184,0.379841,0.398184,0.221974,*WRONG*
HUMEcnkvhJU,13620,?,S,0.406378,0.314709,0.406378,0.278913,*WRONG*
HUMEcnkvhJU,13650,?,S,0.397818,0.313109,0.397818,0.289072,*WRONG*
HUMEcnkvhJU,13680,?,S,0.364936,0.362502,0.364936,0.272563,*WRONG*
HUMEcnkvhJU,13710,?,P,0.363393,0.363393,0.360974,0.275633,*WRONG*
HUMEcnkvhJU,13740,?,S,0.376568,0.335925,0.376568,0.287508,*WRONG*
HUMEcnkvhJU,13770,?,S,0.420821,0.323883,0.420821,0.255296,*WRONG*
HUMEcnkvhJU,13800,?,S,0.440566,0.344692,0.440566,0.214742,*WRONG*
HUMEcnkvhJU,13830,?,S,0.448151,0.345643,0.448151,0.206206,*WRONG*
HUMEcnkvhJU,13860,?,S,0.459472,0.352108,0.459472,0.188420,*WRONG*
HUMEcnkvhJU,13890,?,S,0.407499,0.385218,0.407499,0.207283,*WRONG*
HUMEcnkvhJU,13920,?,S,0.416898,0.320861,0.416898,0.262241,*WRONG*
HUMEcnkvhJU,13950,?,S,0.425268,0.276966,0.425268,0.297766,*WRONG*
HUMEcnkvhJU,13980,?,S,0.417662,0.283737,0.417662,0.298601,*WRONG*
HUMEcnkvhJU,14010,?,S,0.380190,0.324598,0.380190,0.295213,*WRONG*
HUMEcnkvhJU,14040,?,S,0.378323,0.316088,0.378323,0.305589,*WRONG*
HUMEcnkvhJU,14070,?,S,0.400736,0.302392,0.400736,0.296872,*WRONG*
HUMEcnkvhJU,14100,?,S,0.392615,0.315966,0.392615,0.291419,*WRONG*
HUMEcnkvhJU,14130,?,S,0.414081,0.292523,0.414081,0.293396,*WRONG*
HUMEcnkvhJU,14160,?,S,0.474737,0.230659,0.474737,0.294603,*WRONG*
HUMEcnkvhJU,14190,?,S,0.453649,0.242547,0.453649,0.303804,*WRONG*
HUMEcnkvhJU,14220,?,S,0.447645,0.231779,0.447645,0.320576,*WRONG*
HUMEcnkvhJU,14250,?,S,0.417356,0.221248,0.417356,0.361396,*WRONG*
HUMEcnkvhJU,14280,?,n,0.448754,0.241403,0.309842,0.448754,*WRONG*
HUMEcnkvhJU,14310,?,n,0.398758,0.267127,0.334115,0.398758,*WRONG*
HUMEcnkvhJU,14340,?,n,0.389229,0.227759,0.383011,0.389229,*WRONG*
HUMEcnkvhJU,14370,?,S,0.413550,0.207800,0.413550,0.378650,*WRONG*
HUMEcnkvhJU,14400,?,S,0.419327,0.209278,0.419327,0.371395,*WRONG*
HUMEcnkvhJU,14430,?,S,0.391497,0.229643,0.391497,0.378860,*WRONG*
HUMEcnkvhJU,14460,?,n,0.397543,0.298998,0.303459,0.397543,*WRONG*
HUMEcnkvhJU,14490,?,n,0.371118,0.326104,0.302779,0.371118,*WRONG*
HUMEcnkvhJU,14520,?,n,0.370335,0.337850,0.291815,0.370335,*WRONG*
HUMEcnkvhJU,14550,?,n,0.364020,0.342132,0.293848,0.364020,*WRONG*
HUMEcnkvhJU,14580,?,S,0.334831,0.333205,0.334831,0.331963,*WRONG*
HUMEcnkvhJU,14610,?,P,0.402710,0.402710,0.284258,0.313032,*WRONG*
HUMEcnkvhJU,14640,?,P,0.363957,0.363957,0.315564,0.320479,*WRONG*
HUMEcnkvhJU,14670,?,n,0.358998,0.314587,0.326415,0.358998,*WRONG*
HUMEcnkvhJU,14700,?,S,0.377517,0.291301,0.377517,0.331182,*WRONG*
HUMEcnkvhJU,14730,?,S,0.398164,0.268801,0.398164,0.333035,*WRONG*
HUMEcnkvhJU,14760,?,S,0.420283,0.233198,0.420283,0.346519,*WRONG*
HUMEcnkvhJU,14790,?,n,0.381142,0.250732,0.368127,0.381142,*WRONG*
HUMEcnkvhJU,14820,?,n,0.354988,0.293675,0.351337,0.354988,*WRONG*
HUMEcnkvhJU,14850,?,S,0.357748,0.335944,0.357748,0.306309,*WRONG*
HUMEcnkvhJU,14880,?,P,0.370413,0.370413,0.361274,0.268313,*WRONG*
HUMEcnkvhJU,14910,?,P,0.401454,0.401454,0.344271,0.254274,*WRONG*
HUMEcnkvhJU,14940,?,P,0.401353,0.401353,0.328148,0.270499,*WRONG*
HUMEcnkvhJU,14970,?,P,0.413570,0.413570,0.306764,0.279666,*WRONG*
HUMEcnkvhJU,15000,?,P,0.399794,0.399794,0.302198,0.298009,*WRONG*
HUMEcnkvhJU,15030,?,P,0.374428,0.374428,0.353188,0.272383,*WRONG*
HUMEcnkvhJU,15060,?,S,0.351674,0.327064,0.351674,0.321261,*WRONG*
HUMEcnkvhJU,15090,?,S,0.383089,0.266082,0.383089,0.350829,*WRONG*
HUMEcnkvhJU,15120,?,n,0.395448,0.251015,0.353537,0.395448,*WRONG*
HUMEcnkvhJU,15150,?,n,0.392825,0.250290,0.356885,0.392825,*WRONG*
HUMEcnkvhJU,15180,?,S,0.369666,0.280504,0.369666,0.349831,*WRONG*
HUMEcnkvhJU,15210,?,S,0.416382,0.265568,0.416382,0.318050,*WRONG*
HUMEcnkvhJU,15240,?,S,0.384395,0.285332,0.384395,0.330273,*WRONG*
HUMEcnkvhJU,15270,?,S,0.364088,0.296258,0.364088,0.339654,*WRONG*
HUMEcnkvhJU,15300,?,S,0.369836,0.357977,0.369836,0.272186,*WRONG*
HUMEcnkvhJU,15330,?,S,0.388287,0.335636,0.388287,0.276077,*WRONG*
HUMEcnkvhJU,15360,?,S,0.382714,0.339612,0.382714,0.277674,*WRONG*
HUMEcnkvhJU,15390,?,S,0.408988,0.339462,0.408988,0.251550,*WRONG*
HUMEcnkvhJU,15420,?,S,0.380628,0.322722,0.380628,0.296651,*WRONG*
HUMEcnkvhJU,15450,?,n,0.349544,0.339590,0.310866,0.349544,*WRONG*
HUMEcnkvhJU,15480,?,S,0.355036,0.354519,0.355036,0.290445,*WRONG*
HUMEcnkvhJU,15510,?,S,0.393371,0.322514,0.393371,0.284115,*WRONG*
HUMEcnkvhJU,15540,?,n,0.355293,0.318190,0.326517,0.355293,*WRONG*
HUMEcnkvhJU,15570,?,S,0.347971,0.311796,0.347971,0.340233,*WRONG*
HUMEcnkvhJU,15600,?,n,0.392719,0.281412,0.325869,0.392719,*WRONG*
HUMEcnkvhJU,15630,?,n,0.377666,0.274786,0.347548,0.377666,*WRONG*
HUMEcnkvhJU,15660,?,S,0.368129,0.273216,0.368129,0.358655,*WRONG*
HUMEcnkvhJU,15690,?,S,0.423259,0.254232,0.423259,0.322509,*WRONG*
HUMEcnkvhJU,15720,?,S,0.375819,0.284562,0.375819,0.339619,*WRONG*
HUMEcnkvhJU,15750,?,S,0.343368,0.331185,0.343368,0.325447,*WRONG*
HUMEcnkvhJU,15780,?,S,0.363251,0.304386,0.363251,0.332363,*WRONG*
HUMEcnkvhJU,15810,?,n,0.355659,0.289459,0.354881,0.355659,*WRONG*
HUMEcnkvhJU,15840,?,n,0.362338,0.297244,0.340418,0.362338,*WRONG*
HUMEcnkvhJU,15870,?,n,0.385968,0.274946,0.339087,0.385968,*WRONG*
HUMEcnkvhJU,15900,?,n,0.395822,0.227843,0.376334,0.395822,*WRONG*
HUMEcnkvhJU,15930,?,n,0.423789,0.227195,0.349017,0.423789,*WRONG*
HUMEcnkvhJU,15960,?,n,0.411793,0.242465,0.345743,0.411793,*WRONG*
HUMEcnkvhJU,15990,?,n,0.381366,0.258697,0.359937,0.381366,*WRONG*
HUMEcnkvhJU,16020,?,S,0.383560,0.276107,0.383560,0.340333,*WRONG*
HUMEcnkvhJU,16050,?,S,0.395233,0.301861,0.395233,0.302906,*WRONG*
HUMEcnkvhJU,16080,?,S,0.381424,0.306728,0.381424,0.311848,*WRONG*
HUMEcnkvhJU,16110,?,P,0.356574,0.356574,0.309271,0.334155,*WRONG*
HUMEcnkvhJU,16140,?,P,0.392069,0.392069,0.300723,0.307207,*WRONG*
HUMEcnkvhJU,16170,?,n,0.359761,0.336919,0.303320,0.359761,*WRONG*
HUMEcnkvhJU,16200,?,n,0.379266,0.308283,0.312451,0.379266,*WRONG*
HUMEcnkvhJU,16230,?,n,0.392765,0.259366,0.347870,0.392765,*WRONG*
HUMEcnkvhJU,16260,?,n,0.410449,0.241734,0.347817,0.410449,*WRONG*
HUMEcnkvhJU,16290,?,S,0.389664,0.251048,0.389664,0.359288,*WRONG*
HUMEcnkvhJU,16320,?,S,0.382355,0.255857,0.382355,0.361789,*WRONG*
HUMEcnkvhJU,16350,?,S,0.387596,0.261353,0.387596,0.351051,*WRONG*
HUMEcnkvhJU,16380,?,S,0.385164,0.251504,0.385164,0.363332,*WRONG*
HUMEcnkvhJU,16410,?,S,0.388943,0.255994,0.388943,0.355063,*WRONG*
HUMEcnkvhJU,16440,?,S,0.400235,0.253938,0.400235,0.345827,*WRONG*
HUMEcnkvhJU,16470,?,n,0.410170,0.265403,0.324427,0.410170,*WRONG*
HUMEcnkvhJU,16500,?,n,0.428214,0.270309,0.301477,0.428214,*WRONG*
HUMEcnkvhJU,16530,?,n,0.444215,0.230500,0.325285,0.444215,*WRONG*
HUMEcnkvhJU,16560,?,n,0.415368,0.227640,0.356992,0.415368,*WRONG*
HUMEcnkvhJU,16590,?,n,0.495105,0.214846,0.290050,0.495105,*WRONG*
HUMEcnkvhJU,16620,?,n,0.474771,0.236431,0.288798,0.474771,*WRONG*
HUMEcnkvhJU,16650,?,n,0.411143,0.256727,0.332130,0.411143,*WRONG*
HUMEcnkvhJU,16680,?,n,0.450169,0.231111,0.318720,0.450169,*WRONG*
HUMEcnkvhJU,16710,?,n,0.423809,0.223515,0.352676,0.423809,*WRONG*
HUMEcnkvhJU,16740,?,n,0.447997,0.220376,0.331627,0.447997,*WRONG*
HUMEcnkvhJU,16770,?,n,0.457582,0.206820,0.335598,0.457582,*WRONG*
HUMEcnkvhJU,16800,?,n,0.505576,0.193739,0.300685,0.505576,*WRONG*
HUMEcnkvhJU,16830,?,n,0.409436,0.238982,0.351582,0.409436,*WRONG*
HUMEcnkvhJU,16860,?,n,0.433254,0.254128,0.312617,0.433254,*WRONG*
HUMEcnkvhJU,16890,?,n,0.472711,0.257584,0.269704,0.472711,*WRONG*
HUMEcnkvhJU,16920,?,n,0.427820,0.272449,0.299731,0.427820,*WRONG*
HUMEcnkvhJU,16950,?,n,0.400820,0.283246,0.315934,0.400820,*WRONG*
HUMEcnkvhJU,16980,?,n,0.371580,0.277072,0.351348,0.371580,*WRONG*
HUMEcnkvhJU,17010,?,n,0.365260,0.276896,0.357844,0.365260,*WRONG*
HUMEcnkvhJU,17040,?,S,0.391095,0.275892,0.391095,0.333012,*WRONG*
HUMEcnkvhJU,17070,?,S,0.390636,0.264966,0.390636,0.344398,*WRONG*
HUMEcnkvhJU,17100,?,S,0.392132,0.229805,0.392132,0.378063,*WRONG*
HUMEcnkvhJU,17130,?,S,0.391184,0.226895,0.391184,0.381921,*WRONG*
HUMEcnkvhJU,17160,?,n,0.382506,0.242509,0.374986,0.382506,*WRONG*
HUMEcnkvhJU,17190,?,n,0.382086,0.240710,0.377204,0.382086,*WRONG*
HUMEcnkvhJU,17220,?,S,0.387850,0.248044,0.387850,0.364106,*WRONG*
HUMEcnkvhJU,17250,?,S,0.417481,0.254287,0.417481,0.328232,*WRONG*
HUMEcnkvhJU,17280,?,S,0.440480,0.307379,0.440480,0.252141,*WRONG*
HUMEcnkvhJU,17310,?,S,0.420996,0.278469,0.420996,0.300535,*WRONG*
HUMEcnkvhJU,17340,?,S,0.403932,0.305221,0.403932,0.290848,*WRONG*
HUMEcnkvhJU,17370,?,S,0.370691,0.269054,0.370691,0.360254,*WRONG*
HUMEcnkvhJU,17400,?,S,0.449465,0.306915,0.449465,0.243620,*WRONG*
HUMEcnkvhJU,17430,?,S,0.397964,0.365107,0.397964,0.236929,*WRONG*
HUMEcnkvhJU,17460,?,S,0.407669,0.348371,0.407669,0.243960,*WRONG*
HUMEcnkvhJU,17490,?,S,0.420526,0.335970,0.420526,0.243504,*WRONG*
HUMEcnkvhJU,17520,?,S,0.435190,0.333885,0.435190,0.230925,*WRONG*
HUMEcnkvhJU,17550,?,S,0.421215,0.307588,0.421215,0.271198,*WRONG*
HUMEcnkvhJU,17580,?,S,0.442545,0.269317,0.442545,0.288138,*WRONG*
HUMEcnkvhJU,17610,?,S,0.432065,0.219798,0.432065,0.348137,*WRONG*
HUMEcnkvhJU,17640,?,S,0.424517,0.246521,0.424517,0.328962,*WRONG*
HUMEcnkvhJU,17670,?,S,0.416446,0.244373,0.416446,0.339182,*WRONG*
HUMEcnkvhJU,17700,?,S,0.408435,0.198230,0.408435,0.393335,*WRONG*
HUMEcnkvhJU,17730,?,n,0.404786,0.205977,0.389238,0.404786,*WRONG*
HUMEcnkvhJU,17760,?,n,0.428778,0.209781,0.361441,0.428778,*WRONG*
HUMEcnkvhJU,17790,?,n,0.410280,0.241103,0.348617,0.410280,*WRONG*
HUMEcnkvhJU,17820,?,n,0.424772,0.263610,0.311619,0.424772,*WRONG*
HUMEcnkvhJU,17850,?,n,0.452249,0.253585,0.294165,0.452249,*WRONG*
HUMEcnkvhJU,17880,?,n,0.466029,0.243319,0.290651,0.466029,*WRONG*
HUMEcnkvhJU,17910,?,n,0.437963,0.259319,0.302718,0.437963,*WRONG*
HUMEcnkvhJU,17940,?,S,0.385017,0.240831,0.385017,0.374152,*WRONG*
HUMEcnkvhJU,17970,?,S,0.442103,0.216583,0.442103,0.341314,*WRONG*
HUMEcnkvhJU,18000,?,S,0.488761,0.173258,0.488761,0.337981,*WRONG*
HUMEcnkvhJU,18030,?,S,0.477724,0.200726,0.477724,0.321550,*WRONG*
HUMEcnkvhJU,18060,?,S,0.454656,0.236265,0.454656,0.309078,*WRONG*
HUMEcnkvhJU,18090,?,S,0.462324,0.250369,0.462324,0.287307,*WRONG*
HUMEcnkvhJU,18120,?,S,0.455927,0.254896,0.455927,0.289177,*WRONG*
HUMEcnkvhJU,18150,?,S,0.425511,0.250103,0.425511,0.324385,*WRONG*
HUMEcnkvhJU,18180,?,S,0.420766,0.218205,0.420766,0.361029,*WRONG*
HUMEcnkvhJU,18210,?,S,0.431999,0.224611,0.431999,0.343390,*WRONG*
HUMEcnkvhJU,18240,?,S,0.430624,0.210302,0.430624,0.359074,*WRONG*
