video_id,frame_number,groundtruth_label,predicted_label,predicted_label_probability,probability_P,probability_S,probability_n,mismatch_flag
-FSPre_AG4k,0,?,n,0.988933,0.003661,0.007406,0.988933,*WRONG*
-FSPre_AG4k,6,?,n,0.988462,0.003792,0.007745,0.988462,*WRONG*
-FSPre_AG4k,12,?,n,0.991051,0.003182,0.005767,0.991051,*WRONG*
-FSPre_AG4k,18,?,n,0.992462,0.002735,0.004803,0.992462,*WRONG*
-FSPre_AG4k,24,?,n,0.993186,0.002441,0.004373,0.993186,*WRONG*
-FSPre_AG4k,30,?,n,0.992436,0.002539,0.005025,0.992436,*WRONG*
-FSPre_AG4k,36,?,n,0.992079,0.002556,0.005365,0.992079,*WRONG*
-FSPre_AG4k,42,?,n,0.994155,0.001996,0.003850,0.994155,*WRONG*
-FSPre_AG4k,48,?,n,0.995828,0.001502,0.002670,0.995828,*WRONG*
-FSPre_AG4k,54,?,n,0.995360,0.001478,0.003162,0.995360,*WRONG*
-FSPre_AG4k,60,?,n,0.996795,0.001099,0.002107,0.996795,*WRONG*
-FSPre_AG4k,66,?,n,0.997642,0.000823,0.001535,0.997642,*WRONG*
-FSPre_AG4k,72,?,n,0.996335,0.001218,0.002447,0.996335,*WRONG*
-FSPre_AG4k,78,?,n,0.994954,0.001727,0.003319,0.994954,*WRONG*
-FSPre_AG4k,84,?,n,0.994215,0.002103,0.003682,0.994215,*WRONG*
-FSPre_AG4k,90,?,n,0.994879,0.001900,0.003221,0.994879,*WRONG*
-FSPre_AG4k,96,?,n,0.994452,0.001832,0.003716,0.994452,*WRONG*
-FSPre_AG4k,102,?,n,0.994509,0.001718,0.003773,0.994509,*WRONG*
-FSPre_AG4k,108,?,n,0.989673,0.003516,0.006812,0.989673,*WRONG*
-FSPre_AG4k,114,?,n,0.992358,0.002633,0.005009,0.992358,*WRONG*
-FSPre_AG4k,120,?,n,0.992501,0.002391,0.005108,0.992501,*WRONG*
-FSPre_AG4k,126,?,n,0.995341,0.001578,0.003081,0.995341,*WRONG*
-FSPre_AG4k,132,?,n,0.994252,0.001938,0.003811,0.994252,*WRONG*
-FSPre_AG4k,138,?,n,0.993259,0.002351,0.004390,0.993259,*WRONG*
-FSPre_AG4k,144,?,n,0.993915,0.002009,0.004076,0.993915,*WRONG*
-FSPre_AG4k,150,?,n,0.992550,0.002320,0.005130,0.992550,*WRONG*
-FSPre_AG4k,156,?,n,0.995719,0.001485,0.002795,0.995719,*WRONG*
-FSPre_AG4k,162,?,n,0.994418,0.001953,0.003629,0.994418,*WRONG*
-FSPre_AG4k,168,?,n,0.989891,0.003688,0.006421,0.989891,*WRONG*
-FSPre_AG4k,174,?,n,0.988625,0.004305,0.007070,0.988625,*WRONG*
-FSPre_AG4k,180,?,n,0.988787,0.004304,0.006910,0.988787,*WRONG*
-FSPre_AG4k,186,?,n,0.986741,0.004930,0.008329,0.986741,*WRONG*
-FSPre_AG4k,192,?,n,0.990461,0.003867,0.005672,0.990461,*WRONG*
-FSPre_AG4k,198,?,n,0.985891,0.005458,0.008651,0.985891,*WRONG*
-FSPre_AG4k,204,?,n,0.986530,0.005520,0.007950,0.986530,*WRONG*
-FSPre_AG4k,210,?,n,0.981990,0.007368,0.010642,0.981990,*WRONG*
-FSPre_AG4k,216,?,n,0.985089,0.006305,0.008606,0.985089,*WRONG*
-FSPre_AG4k,222,?,n,0.986173,0.005136,0.008692,0.986173,*WRONG*
-FSPre_AG4k,228,?,n,0.991014,0.002803,0.006182,0.991014,*WRONG*
-FSPre_AG4k,234,?,n,0.986045,0.004953,0.009001,0.986045,*WRONG*
-FSPre_AG4k,240,?,n,0.983442,0.006357,0.010201,0.983442,*WRONG*
-FSPre_AG4k,246,?,n,0.971709,0.011341,0.016950,0.971709,*WRONG*
-FSPre_AG4k,252,?,n,0.965549,0.014595,0.019856,0.965549,*WRONG*
-FSPre_AG4k,258,?,n,0.965161,0.018948,0.015890,0.965161,*WRONG*
-FSPre_AG4k,264,?,n,0.966835,0.016215,0.016950,0.966835,*WRONG*
-FSPre_AG4k,270,?,n,0.972385,0.013748,0.013867,0.972385,*WRONG*
-FSPre_AG4k,276,?,n,0.955302,0.022370,0.022328,0.955302,*WRONG*
-FSPre_AG4k,282,?,n,0.946633,0.027177,0.026190,0.946633,*WRONG*
-FSPre_AG4k,288,?,n,0.948322,0.026645,0.025033,0.948322,*WRONG*
-FSPre_AG4k,294,?,n,0.953823,0.023540,0.022637,0.953823,*WRONG*
-FSPre_AG4k,300,?,n,0.924587,0.045197,0.030215,0.924587,*WRONG*
-FSPre_AG4k,306,?,n,0.940698,0.033609,0.025693,0.940698,*WRONG*
-FSPre_AG4k,312,?,n,0.945016,0.029550,0.025434,0.945016,*WRONG*
-FSPre_AG4k,318,?,n,0.924024,0.041595,0.034381,0.924024,*WRONG*
-FSPre_AG4k,324,?,n,0.937079,0.035529,0.027392,0.937079,*WRONG*
-FSPre_AG4k,330,?,n,0.937812,0.035685,0.026503,0.937812,*WRONG*
-FSPre_AG4k,336,?,n,0.934419,0.039361,0.026221,0.934419,*WRONG*
-FSPre_AG4k,342,?,n,0.918225,0.052154,0.029622,0.918225,*WRONG*
-FSPre_AG4k,348,?,n,0.932551,0.044587,0.022862,0.932551,*WRONG*
-FSPre_AG4k,354,?,n,0.944826,0.035071,0.020103,0.944826,*WRONG*
-FSPre_AG4k,360,?,n,0.973388,0.013870,0.012742,0.973388,*WRONG*
-FSPre_AG4k,366,?,n,0.978101,0.010923,0.010977,0.978101,*WRONG*
-FSPre_AG4k,372,?,n,0.972844,0.015808,0.011348,0.972844,*WRONG*
-FSPre_AG4k,378,?,n,0.985771,0.005493,0.008736,0.985771,*WRONG*
-FSPre_AG4k,384,?,n,0.989980,0.004337,0.005683,0.989980,*WRONG*
-FSPre_AG4k,390,?,n,0.987828,0.005369,0.006802,0.987828,*WRONG*
-FSPre_AG4k,396,?,n,0.977708,0.009663,0.012628,0.977708,*WRONG*
-FSPre_AG4k,402,?,n,0.976253,0.010222,0.013525,0.976253,*WRONG*
-FSPre_AG4k,408,?,n,0.975619,0.010341,0.014040,0.975619,*WRONG*
-FSPre_AG4k,414,?,n,0.978729,0.009045,0.012226,0.978729,*WRONG*
-FSPre_AG4k,420,?,n,0.974559,0.010498,0.014943,0.974559,*WRONG*
-FSPre_AG4k,426,?,n,0.974284,0.010532,0.015184,0.974284,*WRONG*
-FSPre_AG4k,432,?,n,0.958936,0.018534,0.022530,0.958936,*WRONG*
-FSPre_AG4k,438,?,n,0.974288,0.011267,0.014445,0.974288,*WRONG*
-FSPre_AG4k,444,?,n,0.980050,0.008673,0.011277,0.980050,*WRONG*
-FSPre_AG4k,450,?,n,0.979632,0.008578,0.011790,0.979632,*WRONG*
-FSPre_AG4k,456,?,n,0.982083,0.007338,0.010579,0.982083,*WRONG*
-FSPre_AG4k,462,?,n,0.982863,0.006741,0.010396,0.982863,*WRONG*
-FSPre_AG4k,468,?,n,0.978846,0.008259,0.012895,0.978846,*WRONG*
-FSPre_AG4k,474,?,n,0.977925,0.008919,0.013156,0.977925,*WRONG*
-FSPre_AG4k,480,?,n,0.979047,0.008532,0.012421,0.979047,*WRONG*
-FSPre_AG4k,486,?,n,0.978731,0.008610,0.012659,0.978731,*WRONG*
-FSPre_AG4k,492,?,n,0.981549,0.007865,0.010586,0.981549,*WRONG*
-FSPre_AG4k,498,?,n,0.986829,0.006033,0.007138,0.986829,*WRONG*
-FSPre_AG4k,504,?,n,0.985913,0.006500,0.007587,0.985913,*WRONG*
-FSPre_AG4k,510,?,n,0.981888,0.008331,0.009781,0.981888,*WRONG*
-FSPre_AG4k,516,?,n,0.993936,0.002417,0.003647,0.993936,*WRONG*
-FSPre_AG4k,522,?,n,0.991124,0.003286,0.005590,0.991124,*WRONG*
-FSPre_AG4k,528,?,n,0.991529,0.003298,0.005173,0.991529,*WRONG*
-FSPre_AG4k,534,?,n,0.991945,0.003135,0.004919,0.991945,*WRONG*
-FSPre_AG4k,540,?,n,0.986726,0.005284,0.007990,0.986726,*WRONG*
-FSPre_AG4k,546,?,n,0.988513,0.004171,0.007316,0.988513,*WRONG*
-FSPre_AG4k,552,?,n,0.994294,0.001800,0.003906,0.994294,*WRONG*
-FSPre_AG4k,558,?,n,0.993431,0.002197,0.004372,0.993431,*WRONG*
-FSPre_AG4k,564,?,n,0.994151,0.002099,0.003750,0.994151,*WRONG*
-FSPre_AG4k,570,?,n,0.988402,0.004288,0.007310,0.988402,*WRONG*
-FSPre_AG4k,576,?,n,0.991918,0.002741,0.005341,0.991918,*WRONG*
-FSPre_AG4k,582,?,n,0.987775,0.004355,0.007870,0.987775,*WRONG*
-FSPre_AG4k,588,?,n,0.989147,0.003629,0.007224,0.989147,*WRONG*
-FSPre_AG4k,594,?,n,0.989540,0.003973,0.006486,0.989540,*WRONG*
-FSPre_AG4k,600,?,n,0.989757,0.003961,0.006282,0.989757,*WRONG*
-FSPre_AG4k,606,?,n,0.986543,0.005153,0.008304,0.986543,*WRONG*
-FSPre_AG4k,612,?,n,0.986733,0.005022,0.008245,0.986733,*WRONG*
-FSPre_AG4k,618,?,n,0.988777,0.004231,0.006991,0.988777,*WRONG*
-FSPre_AG4k,624,?,n,0.984087,0.005795,0.010118,0.984087,*WRONG*
-FSPre_AG4k,630,?,n,0.989059,0.003901,0.007040,0.989059,*WRONG*
-FSPre_AG4k,636,?,n,0.980453,0.006960,0.012587,0.980453,*WRONG*
-FSPre_AG4k,642,?,n,0.979602,0.007292,0.013107,0.979602,*WRONG*
-FSPre_AG4k,648,?,n,0.980320,0.007739,0.011941,0.980320,*WRONG*
-FSPre_AG4k,654,?,n,0.931417,0.031066,0.037518,0.931417,*WRONG*
-FSPre_AG4k,660,?,n,0.893908,0.050142,0.055950,0.893908,*WRONG*
-FSPre_AG4k,666,?,n,0.851161,0.082057,0.066782,0.851161,*WRONG*
-FSPre_AG4k,672,?,n,0.896037,0.052704,0.051259,0.896037,*WRONG*
-FSPre_AG4k,678,?,n,0.912284,0.044736,0.042979,0.912284,*WRONG*
-FSPre_AG4k,684,?,n,0.905105,0.046921,0.047974,0.905105,*WRONG*
-FSPre_AG4k,690,?,n,0.907803,0.045624,0.046573,0.907803,*WRONG*
-FSPre_AG4k,696,?,n,0.913736,0.044806,0.041458,0.913736,*WRONG*
-FSPre_AG4k,702,?,n,0.951315,0.024635,0.024050,0.951315,*WRONG*
-FSPre_AG4k,708,?,n,0.952086,0.024475,0.023439,0.952086,*WRONG*
-FSPre_AG4k,714,?,n,0.945242,0.027084,0.027674,0.945242,*WRONG*
-FSPre_AG4k,720,?,n,0.926979,0.034314,0.038706,0.926979,*WRONG*
-FSPre_AG4k,726,?,n,0.917790,0.036706,0.045504,0.917790,*WRONG*
-FSPre_AG4k,732,?,n,0.905506,0.044992,0.049501,0.905506,*WRONG*
-FSPre_AG4k,738,?,n,0.892401,0.050805,0.056794,0.892401,*WRONG*
-FSPre_AG4k,744,?,n,0.919245,0.039412,0.041342,0.919245,*WRONG*
-FSPre_AG4k,750,?,n,0.923856,0.037139,0.039005,0.923856,*WRONG*
-FSPre_AG4k,756,?,n,0.917169,0.039504,0.043326,0.917169,*WRONG*
-FSPre_AG4k,762,?,n,0.942125,0.028970,0.028904,0.942125,*WRONG*
-FSPre_AG4k,768,?,n,0.918566,0.038694,0.042739,0.918566,*WRONG*
-FSPre_AG4k,774,?,n,0.928189,0.032699,0.039112,0.928189,*WRONG*
-FSPre_AG4k,780,?,n,0.951263,0.022032,0.026705,0.951263,*WRONG*
-FSPre_AG4k,786,?,n,0.964011,0.015294,0.020695,0.964011,*WRONG*
-FSPre_AG4k,792,?,n,0.966196,0.013345,0.020459,0.966196,*WRONG*
-FSPre_AG4k,798,?,n,0.966451,0.013259,0.020289,0.966451,*WRONG*
-FSPre_AG4k,804,?,n,0.972809,0.011441,0.015751,0.972809,*WRONG*
-FSPre_AG4k,810,?,n,0.967538,0.014304,0.018159,0.967538,*WRONG*
-FSPre_AG4k,816,?,n,0.970715,0.013528,0.015757,0.970715,*WRONG*
-FSPre_AG4k,822,?,n,0.968390,0.014457,0.017153,0.968390,*WRONG*
-FSPre_AG4k,828,?,n,0.968179,0.014801,0.017020,0.968179,*WRONG*
-FSPre_AG4k,834,?,n,0.974247,0.012395,0.013359,0.974247,*WRONG*
-FSPre_AG4k,840,?,n,0.978850,0.009285,0.011865,0.978850,*WRONG*
-FSPre_AG4k,846,?,n,0.984488,0.006014,0.009498,0.984488,*WRONG*
-FSPre_AG4k,852,?,n,0.980854,0.007032,0.012114,0.980854,*WRONG*
-FSPre_AG4k,858,?,n,0.971147,0.010940,0.017913,0.971147,*WRONG*
-FSPre_AG4k,864,?,n,0.967918,0.013197,0.018884,0.967918,*WRONG*
-FSPre_AG4k,870,?,n,0.943722,0.023760,0.032518,0.943722,*WRONG*
-FSPre_AG4k,876,?,n,0.964093,0.015433,0.020474,0.964093,*WRONG*
-FSPre_AG4k,882,?,n,0.946840,0.022917,0.030243,0.946840,*WRONG*
-FSPre_AG4k,888,?,n,0.901824,0.052144,0.046031,0.901824,*WRONG*
-FSPre_AG4k,894,?,n,0.870781,0.088340,0.040878,0.870781,*WRONG*
-FSPre_AG4k,900,?,n,0.844520,0.121536,0.033944,0.844520,*WRONG*
-FSPre_AG4k,906,?,n,0.820823,0.149023,0.030155,0.820823,*WRONG*
-FSPre_AG4k,912,?,n,0.798179,0.164143,0.037677,0.798179,*WRONG*
-FSPre_AG4k,918,?,n,0.742800,0.225583,0.031617,0.742800,*WRONG*
-FSPre_AG4k,924,?,n,0.696782,0.268534,0.034684,0.696782,*WRONG*
-FSPre_AG4k,930,?,n,0.685581,0.285933,0.028486,0.685581,*WRONG*
-FSPre_AG4k,936,?,n,0.671683,0.293002,0.035315,0.671683,*WRONG*
-FSPre_AG4k,942,?,n,0.584749,0.381970,0.033281,0.584749,*WRONG*
-FSPre_AG4k,948,?,P,0.585045,0.585045,0.034711,0.380244,*WRONG*
-FSPre_AG4k,954,?,P,0.740565,0.740565,0.039939,0.219496,*WRONG*
-FSPre_AG4k,960,?,P,0.895424,0.895424,0.027922,0.076654,*WRONG*
-FSPre_AG4k,966,?,P,0.941788,0.941788,0.017380,0.040832,*WRONG*
-FSPre_AG4k,972,?,P,0.954460,0.954460,0.015188,0.030353,*WRONG*
-FSPre_AG4k,978,?,P,0.961296,0.961296,0.013160,0.025544,*WRONG*
-FSPre_AG4k,984,?,P,0.958786,0.958786,0.011747,0.029466,*WRONG*
-FSPre_AG4k,990,?,P,0.956608,0.956608,0.009516,0.033876,*WRONG*
-FSPre_AG4k,996,?,P,0.983971,0.983971,0.008279,0.007750,*WRONG*
-FSPre_AG4k,1002,?,P,0.986592,0.986592,0.006055,0.007353,*WRONG*
-FSPre_AG4k,1008,?,P,0.987763,0.987763,0.005420,0.006817,*WRONG*
-FSPre_AG4k,1014,?,P,0.989193,0.989193,0.004746,0.006061,*WRONG*
-FSPre_AG4k,1020,?,P,0.987732,0.987732,0.005646,0.006623,*WRONG*
-FSPre_AG4k,1026,?,P,0.984299,0.984299,0.008057,0.007644,*WRONG*
-FSPre_AG4k,1032,?,P,0.983804,0.983804,0.006369,0.009827,*WRONG*
-FSPre_AG4k,1038,?,P,0.984510,0.984510,0.006600,0.008890,*WRONG*
-FSPre_AG4k,1044,?,P,0.984692,0.984692,0.006749,0.008559,*WRONG*
-FSPre_AG4k,1050,?,P,0.980578,0.980578,0.008646,0.010776,*WRONG*
-FSPre_AG4k,1056,?,P,0.974480,0.974480,0.009894,0.015626,*WRONG*
-FSPre_AG4k,1062,?,P,0.984775,0.984775,0.005958,0.009267,*WRONG*
-FSPre_AG4k,1068,?,P,0.982527,0.982527,0.006933,0.010541,*WRONG*
-FSPre_AG4k,1074,?,P,0.986934,0.986934,0.004709,0.008357,*WRONG*
-FSPre_AG4k,1080,?,P,0.988885,0.988885,0.004082,0.007032,*WRONG*
-FSPre_AG4k,1086,?,P,0.988933,0.988933,0.003736,0.007331,*WRONG*
-FSPre_AG4k,1092,?,P,0.984035,0.984035,0.005571,0.010394,*WRONG*
-FSPre_AG4k,1098,?,P,0.983593,0.983593,0.006060,0.010347,*WRONG*
-FSPre_AG4k,1104,?,P,0.985531,0.985531,0.005597,0.008872,*WRONG*
-FSPre_AG4k,1110,?,P,0.983396,0.983396,0.006197,0.010407,*WRONG*
-FSPre_AG4k,1116,?,P,0.983772,0.983772,0.005976,0.010253,*WRONG*
-FSPre_AG4k,1122,?,P,0.985824,0.985824,0.004910,0.009266,*WRONG*
-FSPre_AG4k,1128,?,P,0.988257,0.988257,0.003864,0.007879,*WRONG*
-FSPre_AG4k,1134,?,P,0.980396,0.980396,0.006927,0.012678,*WRONG*
-FSPre_AG4k,1140,?,P,0.982938,0.982938,0.005646,0.011416,*WRONG*
-FSPre_AG4k,1146,?,P,0.974793,0.974793,0.008482,0.016725,*WRONG*
-FSPre_AG4k,1152,?,P,0.982911,0.982911,0.005949,0.011140,*WRONG*
-FSPre_AG4k,1158,?,P,0.971013,0.971013,0.010051,0.018936,*WRONG*
-FSPre_AG4k,1164,?,P,0.975438,0.975438,0.009362,0.015200,*WRONG*
-FSPre_AG4k,1170,?,P,0.982213,0.982213,0.008260,0.009526,*WRONG*
-FSPre_AG4k,1176,?,P,0.986710,0.986710,0.005446,0.007843,*WRONG*
-FSPre_AG4k,1182,?,P,0.986923,0.986923,0.005448,0.007630,*WRONG*
-FSPre_AG4k,1188,?,P,0.981881,0.981881,0.007297,0.010823,*WRONG*
-FSPre_AG4k,1194,?,P,0.985682,0.985682,0.005742,0.008576,*WRONG*
-FSPre_AG4k,1200,?,P,0.985018,0.985018,0.006077,0.008905,*WRONG*
-FSPre_AG4k,1206,?,P,0.969905,0.969905,0.014149,0.015945,*WRONG*
-FSPre_AG4k,1212,?,P,0.980648,0.980648,0.008858,0.010494,*WRONG*
-FSPre_AG4k,1218,?,P,0.984600,0.984600,0.006172,0.009228,*WRONG*
-FSPre_AG4k,1224,?,P,0.986900,0.986900,0.005190,0.007910,*WRONG*
-FSPre_AG4k,1230,?,P,0.984718,0.984718,0.005821,0.009461,*WRONG*
-FSPre_AG4k,1236,?,P,0.986776,0.986776,0.005473,0.007751,*WRONG*
-FSPre_AG4k,1242,?,P,0.986941,0.986941,0.005385,0.007674,*WRONG*
-FSPre_AG4k,1248,?,P,0.982924,0.982924,0.007770,0.009305,*WRONG*
-FSPre_AG4k,1254,?,P,0.985581,0.985581,0.006103,0.008316,*WRONG*
-FSPre_AG4k,1260,?,P,0.981593,0.981593,0.008502,0.009905,*WRONG*
-FSPre_AG4k,1266,?,P,0.987238,0.987238,0.004738,0.008025,*WRONG*
-FSPre_AG4k,1272,?,P,0.986266,0.986266,0.005530,0.008204,*WRONG*
-FSPre_AG4k,1278,?,P,0.985684,0.985684,0.005446,0.008871,*WRONG*
-FSPre_AG4k,1284,?,P,0.985501,0.985501,0.005263,0.009236,*WRONG*
-FSPre_AG4k,1290,?,P,0.985808,0.985808,0.005643,0.008549,*WRONG*
-FSPre_AG4k,1296,?,P,0.985123,0.985123,0.005349,0.009528,*WRONG*
-FSPre_AG4k,1302,?,P,0.986340,0.986340,0.005779,0.007882,*WRONG*
-FSPre_AG4k,1308,?,P,0.989078,0.989078,0.004087,0.006835,*WRONG*
-FSPre_AG4k,1314,?,P,0.985088,0.985088,0.005628,0.009285,*WRONG*
-FSPre_AG4k,1320,?,P,0.983977,0.983977,0.006052,0.009971,*WRONG*
-FSPre_AG4k,1326,?,P,0.978245,0.978245,0.007293,0.014462,*WRONG*
-FSPre_AG4k,1332,?,P,0.974438,0.974438,0.008034,0.017528,*WRONG*
-FSPre_AG4k,1338,?,P,0.979267,0.979267,0.006821,0.013912,*WRONG*
-FSPre_AG4k,1344,?,P,0.984255,0.984255,0.005815,0.009931,*WRONG*
-FSPre_AG4k,1350,?,P,0.980714,0.980714,0.005904,0.013382,*WRONG*
-FSPre_AG4k,1356,?,P,0.985843,0.985843,0.005242,0.008916,*WRONG*
-FSPre_AG4k,1362,?,P,0.986407,0.986407,0.004961,0.008632,*WRONG*
-FSPre_AG4k,1368,?,P,0.977499,0.977499,0.008137,0.014364,*WRONG*
-FSPre_AG4k,1374,?,P,0.974465,0.974465,0.008830,0.016705,*WRONG*
-FSPre_AG4k,1380,?,P,0.988690,0.988690,0.004117,0.007193,*WRONG*
-FSPre_AG4k,1386,?,P,0.984982,0.984982,0.004932,0.010085,*WRONG*
-FSPre_AG4k,1392,?,P,0.986600,0.986600,0.004600,0.008799,*WRONG*
-FSPre_AG4k,1398,?,P,0.986529,0.986529,0.004412,0.009059,*WRONG*
-FSPre_AG4k,1404,?,P,0.984838,0.984838,0.005318,0.009844,*WRONG*
-FSPre_AG4k,1410,?,P,0.987184,0.987184,0.004447,0.008369,*WRONG*
-FSPre_AG4k,1416,?,P,0.984915,0.984915,0.004715,0.010370,*WRONG*
-FSPre_AG4k,1422,?,P,0.980212,0.980212,0.006219,0.013568,*WRONG*
-FSPre_AG4k,1428,?,P,0.968988,0.968988,0.011407,0.019605,*WRONG*
-FSPre_AG4k,1434,?,P,0.968282,0.968282,0.008736,0.022982,*WRONG*
-FSPre_AG4k,1440,?,P,0.960234,0.960234,0.013689,0.026077,*WRONG*
-FSPre_AG4k,1446,?,P,0.962604,0.962604,0.013190,0.024206,*WRONG*
-FSPre_AG4k,1452,?,P,0.963358,0.963358,0.012251,0.024391,*WRONG*
-FSPre_AG4k,1458,?,P,0.976282,0.976282,0.008977,0.014741,*WRONG*
-FSPre_AG4k,1464,?,P,0.978366,0.978366,0.008140,0.013494,*WRONG*
-FSPre_AG4k,1470,?,P,0.962445,0.962445,0.014813,0.022742,*WRONG*
-FSPre_AG4k,1476,?,P,0.972259,0.972259,0.010763,0.016978,*WRONG*
-FSPre_AG4k,1482,?,P,0.950013,0.950013,0.021704,0.028283,*WRONG*
-FSPre_AG4k,1488,?,P,0.965644,0.965644,0.013811,0.020545,*WRONG*
-FSPre_AG4k,1494,?,P,0.977678,0.977678,0.009662,0.012660,*WRONG*
-FSPre_AG4k,1500,?,P,0.981201,0.981201,0.007562,0.011237,*WRONG*
-FSPre_AG4k,1506,?,P,0.981489,0.981489,0.007873,0.010638,*WRONG*
-FSPre_AG4k,1512,?,P,0.976453,0.976453,0.009639,0.013908,*WRONG*
-FSPre_AG4k,1518,?,P,0.980752,0.980752,0.007668,0.011580,*WRONG*
-FSPre_AG4k,1524,?,P,0.977609,0.977609,0.008734,0.013657,*WRONG*
-FSPre_AG4k,1530,?,P,0.982648,0.982648,0.007286,0.010067,*WRONG*
-FSPre_AG4k,1536,?,P,0.962335,0.962335,0.018124,0.019540,*WRONG*
-FSPre_AG4k,1542,?,P,0.968073,0.968073,0.015922,0.016004,*WRONG*
-FSPre_AG4k,1548,?,P,0.970335,0.970335,0.012736,0.016929,*WRONG*
-FSPre_AG4k,1554,?,P,0.966490,0.966490,0.013948,0.019562,*WRONG*
-FSPre_AG4k,1560,?,P,0.961700,0.961700,0.019956,0.018345,*WRONG*
-FSPre_AG4k,1566,?,P,0.950390,0.950390,0.024842,0.024768,*WRONG*
-FSPre_AG4k,1572,?,P,0.965469,0.965469,0.016470,0.018061,*WRONG*
-FSPre_AG4k,1578,?,P,0.965636,0.965636,0.016581,0.017782,*WRONG*
-FSPre_AG4k,1584,?,P,0.963579,0.963579,0.015435,0.020986,*WRONG*
-FSPre_AG4k,1590,?,P,0.977223,0.977223,0.008995,0.013782,*WRONG*
-FSPre_AG4k,1596,?,P,0.964899,0.964899,0.012326,0.022775,*WRONG*
-FSPre_AG4k,1602,?,P,0.974743,0.974743,0.009077,0.016180,*WRONG*
-FSPre_AG4k,1608,?,P,0.967376,0.967376,0.011441,0.021183,*WRONG*
-FSPre_AG4k,1614,?,P,0.976431,0.976431,0.007253,0.016316,*WRONG*
-FSPre_AG4k,1620,?,P,0.968251,0.968251,0.012934,0.018816,*WRONG*
-FSPre_AG4k,1626,?,P,0.953926,0.953926,0.019566,0.026508,*WRONG*
-FSPre_AG4k,1632,?,P,0.970103,0.970103,0.011865,0.018032,*WRONG*
-FSPre_AG4k,1638,?,P,0.978636,0.978636,0.008655,0.012708,*WRONG*
-FSPre_AG4k,1644,?,P,0.978702,0.978702,0.008533,0.012765,*WRONG*
-FSPre_AG4k,1650,?,P,0.956429,0.956429,0.017830,0.025741,*WRONG*
-FSPre_AG4k,1656,?,P,0.969240,0.969240,0.013678,0.017082,*WRONG*
-FSPre_AG4k,1662,?,P,0.941049,0.941049,0.026902,0.032050,*WRONG*
-FSPre_AG4k,1668,?,P,0.975928,0.975928,0.010366,0.013705,*WRONG*
-FSPre_AG4k,1674,?,P,0.983717,0.983717,0.007307,0.008976,*WRONG*
-FSPre_AG4k,1680,?,P,0.973918,0.973918,0.012982,0.013100,*WRONG*
-FSPre_AG4k,1686,?,P,0.979748,0.979748,0.009129,0.011122,*WRONG*
-FSPre_AG4k,1692,?,P,0.951059,0.951059,0.021958,0.026983,*WRONG*
-FSPre_AG4k,1698,?,P,0.952849,0.952849,0.022039,0.025113,*WRONG*
-FSPre_AG4k,1704,?,P,0.957311,0.957311,0.020581,0.022108,*WRONG*
-FSPre_AG4k,1710,?,P,0.955984,0.955984,0.020109,0.023908,*WRONG*
-FSPre_AG4k,1716,?,P,0.972427,0.972427,0.012293,0.015279,*WRONG*
-FSPre_AG4k,1722,?,P,0.969203,0.969203,0.014168,0.016629,*WRONG*
-FSPre_AG4k,1728,?,P,0.972889,0.972889,0.009816,0.017295,*WRONG*
-FSPre_AG4k,1734,?,P,0.956368,0.956368,0.020485,0.023147,*WRONG*
-FSPre_AG4k,1740,?,P,0.947462,0.947462,0.021878,0.030660,*WRONG*
-FSPre_AG4k,1746,?,P,0.982723,0.982723,0.006546,0.010731,*WRONG*
-FSPre_AG4k,1752,?,P,0.983579,0.983579,0.005717,0.010704,*WRONG*
-FSPre_AG4k,1758,?,P,0.982760,0.982760,0.005778,0.011462,*WRONG*
-FSPre_AG4k,1764,?,P,0.986898,0.986898,0.004743,0.008359,*WRONG*
-FSPre_AG4k,1770,?,P,0.980620,0.980620,0.006220,0.013160,*WRONG*
-FSPre_AG4k,1776,?,P,0.977789,0.977789,0.008209,0.014003,*WRONG*
-FSPre_AG4k,1782,?,P,0.983503,0.983503,0.005127,0.011370,*WRONG*
-FSPre_AG4k,1788,?,P,0.978842,0.978842,0.006687,0.014471,*WRONG*
-FSPre_AG4k,1794,?,P,0.971258,0.971258,0.009787,0.018956,*WRONG*
-FSPre_AG4k,1800,?,P,0.949522,0.949522,0.014712,0.035765,*WRONG*
-FSPre_AG4k,1806,?,P,0.935192,0.935192,0.023242,0.041567,*WRONG*
-FSPre_AG4k,1812,?,P,0.944228,0.944228,0.024171,0.031602,*WRONG*
-FSPre_AG4k,1818,?,P,0.955839,0.955839,0.019179,0.024983,*WRONG*
-FSPre_AG4k,1824,?,P,0.975433,0.975433,0.009519,0.015048,*WRONG*
-FSPre_AG4k,1830,?,P,0.966813,0.966813,0.011001,0.022186,*WRONG*
-FSPre_AG4k,1836,?,P,0.975929,0.975929,0.007331,0.016740,*WRONG*
-FSPre_AG4k,1842,?,P,0.971257,0.971257,0.009574,0.019169,*WRONG*
-FSPre_AG4k,1848,?,P,0.954388,0.954388,0.015874,0.029738,*WRONG*
-FSPre_AG4k,1854,?,P,0.933542,0.933542,0.025407,0.041051,*WRONG*
-FSPre_AG4k,1860,?,P,0.965028,0.965028,0.011091,0.023881,*WRONG*
-FSPre_AG4k,1866,?,P,0.969845,0.969845,0.011311,0.018844,*WRONG*
-FSPre_AG4k,1872,?,P,0.960037,0.960037,0.014629,0.025334,*WRONG*
-FSPre_AG4k,1878,?,P,0.949155,0.949155,0.020373,0.030472,*WRONG*
-FSPre_AG4k,1884,?,P,0.947582,0.947582,0.018218,0.034200,*WRONG*
-FSPre_AG4k,1890,?,P,0.951059,0.951059,0.018861,0.030080,*WRONG*
-FSPre_AG4k,1896,?,P,0.949126,0.949126,0.022559,0.028315,*WRONG*
-FSPre_AG4k,1902,?,P,0.933792,0.933792,0.027692,0.038516,*WRONG*
-FSPre_AG4k,1908,?,P,0.933116,0.933116,0.024158,0.042726,*WRONG*
-FSPre_AG4k,1914,?,P,0.945115,0.945115,0.020551,0.034335,*WRONG*
-FSPre_AG4k,1920,?,P,0.961072,0.961072,0.017523,0.021405,*WRONG*
-FSPre_AG4k,1926,?,P,0.963508,0.963508,0.015217,0.021275,*WRONG*
-FSPre_AG4k,1932,?,P,0.977250,0.977250,0.008026,0.014724,*WRONG*
-FSPre_AG4k,1938,?,P,0.982069,0.982069,0.007055,0.010876,*WRONG*
-FSPre_AG4k,1944,?,P,0.971535,0.971535,0.012069,0.016396,*WRONG*
-FSPre_AG4k,1950,?,P,0.976971,0.976971,0.008702,0.014327,*WRONG*
-FSPre_AG4k,1956,?,P,0.957380,0.957380,0.018029,0.024592,*WRONG*
-FSPre_AG4k,1962,?,P,0.938663,0.938663,0.018906,0.042430,*WRONG*
-FSPre_AG4k,1968,?,P,0.934933,0.934933,0.013616,0.051451,*WRONG*
-FSPre_AG4k,1974,?,P,0.900927,0.900927,0.012289,0.086784,*WRONG*
-FSPre_AG4k,1980,?,P,0.842181,0.842181,0.018191,0.139627,*WRONG*
-FSPre_AG4k,1986,?,P,0.765664,0.765664,0.019768,0.214568,*WRONG*
-FSPre_AG4k,1992,?,P,0.793986,0.793986,0.022595,0.183419,*WRONG*
-FSPre_AG4k,1998,?,P,0.748914,0.748914,0.017893,0.233192,*WRONG*
-FSPre_AG4k,2004,?,P,0.585294,0.585294,0.020101,0.394605,*WRONG*
-FSPre_AG4k,2010,?,n,0.548851,0.435372,0.015777,0.548851,*WRONG*
-FSPre_AG4k,2016,?,n,0.642823,0.344904,0.012273,0.642823,*WRONG*
-FSPre_AG4k,2022,?,n,0.821083,0.165855,0.013062,0.821083,*WRONG*
-FSPre_AG4k,2028,?,n,0.779378,0.204824,0.015797,0.779378,*WRONG*
-FSPre_AG4k,2034,?,n,0.802262,0.183506,0.014232,0.802262,*WRONG*
-FSPre_AG4k,2040,?,n,0.780056,0.201981,0.017963,0.780056,*WRONG*
-FSPre_AG4k,2046,?,n,0.827192,0.155720,0.017088,0.827192,*WRONG*
-FSPre_AG4k,2052,?,n,0.752651,0.218743,0.028606,0.752651,*WRONG*
-FSPre_AG4k,2058,?,n,0.914019,0.065103,0.020879,0.914019,*WRONG*
-FSPre_AG4k,2064,?,n,0.949674,0.030781,0.019545,0.949674,*WRONG*
-FSPre_AG4k,2070,?,n,0.976897,0.009584,0.013519,0.976897,*WRONG*
-FSPre_AG4k,2076,?,n,0.986208,0.005436,0.008357,0.986208,*WRONG*
-FSPre_AG4k,2082,?,n,0.984610,0.006152,0.009238,0.984610,*WRONG*
-FSPre_AG4k,2088,?,n,0.987497,0.005267,0.007236,0.987497,*WRONG*
-FSPre_AG4k,2094,?,n,0.987040,0.005305,0.007655,0.987040,*WRONG*
-FSPre_AG4k,2100,?,n,0.987917,0.005217,0.006866,0.987917,*WRONG*
-FSPre_AG4k,2106,?,n,0.987596,0.005290,0.007115,0.987596,*WRONG*
-FSPre_AG4k,2112,?,n,0.982316,0.007548,0.010136,0.982316,*WRONG*
-FSPre_AG4k,2118,?,n,0.985348,0.006574,0.008078,0.985348,*WRONG*
-FSPre_AG4k,2124,?,n,0.983533,0.007269,0.009197,0.983533,*WRONG*
-FSPre_AG4k,2130,?,n,0.981632,0.008383,0.009984,0.981632,*WRONG*
-FSPre_AG4k,2136,?,n,0.973189,0.011926,0.014885,0.973189,*WRONG*
-FSPre_AG4k,2142,?,n,0.967700,0.015023,0.017277,0.967700,*WRONG*
-FSPre_AG4k,2148,?,n,0.981783,0.007187,0.011030,0.981783,*WRONG*
-FSPre_AG4k,2154,?,n,0.977877,0.008755,0.013368,0.977877,*WRONG*
-FSPre_AG4k,2160,?,n,0.990212,0.003374,0.006414,0.990212,*WRONG*
-FSPre_AG4k,2166,?,n,0.992061,0.002764,0.005175,0.992061,*WRONG*
-FSPre_AG4k,2172,?,n,0.992496,0.002653,0.004851,0.992496,*WRONG*
-FSPre_AG4k,2178,?,n,0.992009,0.002575,0.005416,0.992009,*WRONG*
-FSPre_AG4k,2184,?,n,0.990842,0.002968,0.006190,0.990842,*WRONG*
-FSPre_AG4k,2190,?,n,0.993417,0.002281,0.004302,0.993417,*WRONG*
-FSPre_AG4k,2196,?,n,0.993477,0.002188,0.004335,0.993477,*WRONG*
-FSPre_AG4k,2202,?,n,0.993686,0.002368,0.003947,0.993686,*WRONG*
-FSPre_AG4k,2208,?,n,0.990795,0.003237,0.005968,0.990795,*WRONG*
-FSPre_AG4k,2214,?,n,0.992166,0.002694,0.005140,0.992166,*WRONG*
-FSPre_AG4k,2220,?,n,0.993350,0.002568,0.004082,0.993350,*WRONG*
-FSPre_AG4k,2226,?,n,0.992359,0.002677,0.004964,0.992359,*WRONG*
-FSPre_AG4k,2232,?,n,0.993211,0.002354,0.004435,0.993211,*WRONG*
-FSPre_AG4k,2238,?,n,0.994128,0.002051,0.003820,0.994128,*WRONG*
-FSPre_AG4k,2244,?,n,0.991787,0.002783,0.005430,0.991787,*WRONG*
-FSPre_AG4k,2250,?,n,0.992704,0.002466,0.004830,0.992704,*WRONG*
-FSPre_AG4k,2256,?,n,0.994385,0.001831,0.003784,0.994385,*WRONG*
-FSPre_AG4k,2262,?,n,0.995887,0.001357,0.002756,0.995887,*WRONG*
-FSPre_AG4k,2268,?,n,0.996454,0.001112,0.002433,0.996454,*WRONG*
-FSPre_AG4k,2274,?,n,0.996649,0.001028,0.002323,0.996649,*WRONG*
-FSPre_AG4k,2280,?,n,0.996057,0.001254,0.002689,0.996057,*WRONG*
-FSPre_AG4k,2286,?,n,0.995576,0.001302,0.003123,0.995576,*WRONG*
-FSPre_AG4k,2292,?,n,0.996855,0.001040,0.002105,0.996855,*WRONG*
-FSPre_AG4k,2298,?,n,0.995078,0.001606,0.003316,0.995078,*WRONG*
-FSPre_AG4k,2304,?,n,0.993646,0.002223,0.004131,0.993646,*WRONG*
-FSPre_AG4k,2310,?,n,0.993360,0.002289,0.004351,0.993360,*WRONG*
-FSPre_AG4k,2316,?,n,0.994758,0.001932,0.003310,0.994758,*WRONG*
-FSPre_AG4k,2322,?,n,0.991882,0.002731,0.005387,0.991882,*WRONG*
-FSPre_AG4k,2328,?,n,0.994477,0.001871,0.003652,0.994477,*WRONG*
-FSPre_AG4k,2334,?,n,0.994027,0.002033,0.003940,0.994027,*WRONG*
-FSPre_AG4k,2340,?,n,0.991132,0.003113,0.005755,0.991132,*WRONG*
-FSPre_AG4k,2346,?,n,0.991291,0.003083,0.005626,0.991291,*WRONG*
-FSPre_AG4k,2352,?,n,0.993450,0.002401,0.004149,0.993450,*WRONG*
-FSPre_AG4k,2358,?,n,0.994139,0.002136,0.003725,0.994139,*WRONG*
-FSPre_AG4k,2364,?,n,0.995824,0.001611,0.002565,0.995824,*WRONG*
-FSPre_AG4k,2370,?,n,0.994640,0.002052,0.003309,0.994640,*WRONG*
-FSPre_AG4k,2376,?,n,0.993070,0.002631,0.004299,0.993070,*WRONG*
-FSPre_AG4k,2382,?,n,0.989913,0.003926,0.006161,0.989913,*WRONG*
-FSPre_AG4k,2388,?,n,0.991937,0.002924,0.005139,0.991937,*WRONG*
-FSPre_AG4k,2394,?,n,0.981656,0.007161,0.011184,0.981656,*WRONG*
-FSPre_AG4k,2400,?,n,0.976145,0.009154,0.014700,0.976145,*WRONG*
-FSPre_AG4k,2406,?,n,0.971734,0.012855,0.015411,0.971734,*WRONG*
-FSPre_AG4k,2412,?,n,0.942503,0.038650,0.018847,0.942503,*WRONG*
-FSPre_AG4k,2418,?,n,0.933852,0.044146,0.022001,0.933852,*WRONG*
-FSPre_AG4k,2424,?,n,0.940846,0.040709,0.018445,0.940846,*WRONG*
-FSPre_AG4k,2430,?,n,0.944762,0.037999,0.017239,0.944762,*WRONG*
-FSPre_AG4k,2436,?,n,0.947017,0.035490,0.017493,0.947017,*WRONG*
-FSPre_AG4k,2442,?,n,0.959421,0.025610,0.014969,0.959421,*WRONG*
-FSPre_AG4k,2448,?,n,0.961624,0.022148,0.016228,0.961624,*WRONG*
-FSPre_AG4k,2454,?,n,0.960412,0.022593,0.016995,0.960412,*WRONG*
-FSPre_AG4k,2460,?,n,0.969751,0.017505,0.012744,0.969751,*WRONG*
-FSPre_AG4k,2466,?,n,0.973281,0.015926,0.010793,0.973281,*WRONG*
-FSPre_AG4k,2472,?,n,0.971395,0.017114,0.011491,0.971395,*WRONG*
-FSPre_AG4k,2478,?,n,0.973523,0.016620,0.009857,0.973523,*WRONG*
-FSPre_AG4k,2484,?,n,0.969940,0.018749,0.011311,0.969940,*WRONG*
-FSPre_AG4k,2490,?,n,0.962189,0.023992,0.013819,0.962189,*WRONG*
-FSPre_AG4k,2496,?,n,0.958327,0.025489,0.016183,0.958327,*WRONG*
-FSPre_AG4k,2502,?,n,0.962681,0.024429,0.012890,0.962681,*WRONG*
-FSPre_AG4k,2508,?,n,0.972611,0.018107,0.009282,0.972611,*WRONG*
-FSPre_AG4k,2514,?,n,0.970487,0.018877,0.010636,0.970487,*WRONG*
-FSPre_AG4k,2520,?,n,0.971470,0.017935,0.010595,0.971470,*WRONG*
-FSPre_AG4k,2526,?,n,0.968638,0.019868,0.011494,0.968638,*WRONG*
-FSPre_AG4k,2532,?,n,0.979265,0.008949,0.011786,0.979265,*WRONG*
-FSPre_AG4k,2538,?,n,0.982391,0.008169,0.009440,0.982391,*WRONG*
-FSPre_AG4k,2544,?,n,0.989737,0.003969,0.006294,0.989737,*WRONG*
-FSPre_AG4k,2550,?,n,0.991376,0.003278,0.005347,0.991376,*WRONG*
-FSPre_AG4k,2556,?,n,0.994244,0.002196,0.003560,0.994244,*WRONG*
-FSPre_AG4k,2562,?,n,0.993692,0.002404,0.003904,0.993692,*WRONG*
-FSPre_AG4k,2568,?,n,0.994748,0.001894,0.003357,0.994748,*WRONG*
-FSPre_AG4k,2574,?,n,0.995010,0.001779,0.003211,0.995010,*WRONG*
-FSPre_AG4k,2580,?,n,0.995491,0.001603,0.002907,0.995491,*WRONG*
-FSPre_AG4k,2586,?,n,0.995880,0.001383,0.002737,0.995880,*WRONG*
-FSPre_AG4k,2592,?,n,0.996083,0.001236,0.002681,0.996083,*WRONG*
-FSPre_AG4k,2598,?,n,0.997581,0.000731,0.001688,0.997581,*WRONG*
-FSPre_AG4k,2604,?,n,0.995927,0.001353,0.002720,0.995927,*WRONG*
-FSPre_AG4k,2610,?,n,0.995528,0.001434,0.003038,0.995528,*WRONG*
-FSPre_AG4k,2616,?,n,0.996237,0.001156,0.002607,0.996237,*WRONG*
-FSPre_AG4k,2622,?,n,0.995353,0.001542,0.003105,0.995353,*WRONG*
-FSPre_AG4k,2628,?,n,0.995165,0.001555,0.003280,0.995165,*WRONG*
-FSPre_AG4k,2634,?,n,0.993891,0.001995,0.004114,0.993891,*WRONG*
-FSPre_AG4k,2640,?,n,0.994903,0.001765,0.003332,0.994903,*WRONG*
-FSPre_AG4k,2646,?,n,0.996180,0.001257,0.002563,0.996180,*WRONG*
-FSPre_AG4k,2652,?,n,0.997158,0.000900,0.001942,0.997158,*WRONG*
-FSPre_AG4k,2658,?,n,0.996967,0.000947,0.002086,0.996967,*WRONG*
-FSPre_AG4k,2664,?,n,0.996440,0.001140,0.002420,0.996440,*WRONG*
-FSPre_AG4k,2670,?,n,0.995675,0.001333,0.002992,0.995675,*WRONG*
-FSPre_AG4k,2676,?,n,0.993692,0.002173,0.004135,0.993692,*WRONG*
-FSPre_AG4k,2682,?,n,0.995561,0.001328,0.003111,0.995561,*WRONG*
-FSPre_AG4k,2688,?,n,0.995139,0.001458,0.003402,0.995139,*WRONG*
-FSPre_AG4k,2694,?,n,0.994330,0.001717,0.003953,0.994330,*WRONG*
-FSPre_AG4k,2700,?,n,0.994738,0.001646,0.003617,0.994738,*WRONG*
-FSPre_AG4k,2706,?,n,0.992700,0.002422,0.004878,0.992700,*WRONG*
-FSPre_AG4k,2712,?,n,0.992583,0.002482,0.004935,0.992583,*WRONG*
-FSPre_AG4k,2718,?,n,0.991314,0.002927,0.005759,0.991314,*WRONG*
-FSPre_AG4k,2724,?,n,0.992399,0.002522,0.005079,0.992399,*WRONG*
-FSPre_AG4k,2730,?,n,0.992996,0.002338,0.004666,0.992996,*WRONG*
-FSPre_AG4k,2736,?,n,0.993560,0.002135,0.004305,0.993560,*WRONG*
-FSPre_AG4k,2742,?,n,0.994477,0.001857,0.003666,0.994477,*WRONG*
-FSPre_AG4k,2748,?,n,0.995730,0.001296,0.002974,0.995730,*WRONG*
-FSPre_AG4k,2754,?,n,0.994813,0.001527,0.003660,0.994813,*WRONG*
-FSPre_AG4k,2760,?,n,0.992920,0.002098,0.004983,0.992920,*WRONG*
-FSPre_AG4k,2766,?,n,0.980827,0.007089,0.012084,0.980827,*WRONG*
-FSPre_AG4k,2772,?,n,0.975407,0.009210,0.015384,0.975407,*WRONG*
-FSPre_AG4k,2778,?,n,0.974946,0.009238,0.015816,0.974946,*WRONG*
-FSPre_AG4k,2784,?,n,0.968994,0.012247,0.018759,0.968994,*WRONG*
-FSPre_AG4k,2790,?,n,0.951963,0.020844,0.027194,0.951963,*WRONG*
-FSPre_AG4k,2796,?,n,0.933668,0.030186,0.036146,0.933668,*WRONG*
-FSPre_AG4k,2802,?,n,0.950820,0.022073,0.027106,0.950820,*WRONG*
-FSPre_AG4k,2808,?,n,0.942973,0.024091,0.032936,0.942973,*WRONG*
-FSPre_AG4k,2814,?,n,0.925741,0.032873,0.041386,0.925741,*WRONG*
-FSPre_AG4k,2820,?,n,0.926027,0.030878,0.043095,0.926027,*WRONG*
-FSPre_AG4k,2826,?,n,0.888792,0.053044,0.058164,0.888792,*WRONG*
-FSPre_AG4k,2832,?,n,0.843134,0.082263,0.074603,0.843134,*WRONG*
-FSPre_AG4k,2838,?,n,0.790915,0.114878,0.094207,0.790915,*WRONG*
-FSPre_AG4k,2844,?,n,0.795209,0.114607,0.090184,0.795209,*WRONG*
-FSPre_AG4k,2850,?,n,0.749669,0.134814,0.115517,0.749669,*WRONG*
-FSPre_AG4k,2856,?,n,0.631903,0.203528,0.164569,0.631903,*WRONG*
-FSPre_AG4k,2862,?,P,0.387617,0.387617,0.248289,0.364094,*WRONG*
-FSPre_AG4k,2868,?,n,0.388514,0.369577,0.241910,0.388514,*WRONG*
-FSPre_AG4k,2874,?,n,0.386625,0.377983,0.235391,0.386625,*WRONG*
-FSPre_AG4k,2880,?,n,0.407805,0.370224,0.221971,0.407805,*WRONG*
-FSPre_AG4k,2886,?,n,0.420140,0.370771,0.209089,0.420140,*WRONG*
-FSPre_AG4k,2892,?,n,0.431556,0.345263,0.223182,0.431556,*WRONG*
-FSPre_AG4k,2898,?,P,0.388976,0.388976,0.244557,0.366467,*WRONG*
-FSPre_AG4k,2904,?,n,0.387815,0.369273,0.242911,0.387815,*WRONG*
-FSPre_AG4k,2910,?,n,0.431428,0.332179,0.236393,0.431428,*WRONG*
-FSPre_AG4k,2916,?,n,0.508891,0.281191,0.209918,0.508891,*WRONG*
-FSPre_AG4k,2922,?,n,0.379908,0.355357,0.264734,0.379908,*WRONG*
-FSPre_AG4k,2928,?,n,0.371332,0.355181,0.273487,0.371332,*WRONG*
-FSPre_AG4k,2934,?,n,0.364772,0.343999,0.291230,0.364772,*WRONG*
-FSPre_AG4k,2940,?,n,0.368181,0.365843,0.265976,0.368181,*WRONG*
-FSPre_AG4k,2946,?,n,0.393465,0.340003,0.266532,0.393465,*WRONG*
-FSPre_AG4k,2952,?,n,0.442057,0.297893,0.260050,0.442057,*WRONG*
-FSPre_AG4k,2958,?,n,0.632238,0.163624,0.204138,0.632238,*WRONG*
-FSPre_AG4k,2964,?,n,0.591879,0.184968,0.223153,0.591879,*WRONG*
-FSPre_AG4k,2970,?,n,0.727341,0.116357,0.156302,0.727341,*WRONG*
-FSPre_AG4k,2976,?,n,0.757576,0.103296,0.139128,0.757576,*WRONG*
-FSPre_AG4k,2982,?,n,0.755429,0.101186,0.143385,0.755429,*WRONG*
-FSPre_AG4k,2988,?,n,0.739573,0.110133,0.150294,0.739573,*WRONG*
-FSPre_AG4k,2994,?,n,0.717713,0.121167,0.161120,0.717713,*WRONG*
-FSPre_AG4k,3000,?,n,0.572833,0.211117,0.216050,0.572833,*WRONG*
-FSPre_AG4k,3006,?,n,0.651346,0.176246,0.172408,0.651346,*WRONG*
-FSPre_AG4k,3012,?,n,0.504697,0.255294,0.240009,0.504697,*WRONG*
-FSPre_AG4k,3018,?,n,0.551509,0.252169,0.196322,0.551509,*WRONG*
-FSPre_AG4k,3024,?,n,0.419425,0.329704,0.250871,0.419425,*WRONG*
-FSPre_AG4k,3030,?,P,0.381402,0.381402,0.246488,0.372111,*WRONG*
-FSPre_AG4k,3036,?,P,0.409786,0.409786,0.245698,0.344516,*WRONG*
-FSPre_AG4k,3042,?,P,0.388028,0.388028,0.246163,0.365809,*WRONG*
-FSPre_AG4k,3048,?,n,0.424033,0.340093,0.235874,0.424033,*WRONG*
-FSPre_AG4k,3054,?,n,0.451167,0.340370,0.208463,0.451167,*WRONG*
-FSPre_AG4k,3060,?,n,0.435009,0.346304,0.218687,0.435009,*WRONG*
-FSPre_AG4k,3066,?,n,0.423093,0.351472,0.225434,0.423093,*WRONG*
-FSPre_AG4k,3072,?,n,0.428123,0.357726,0.214150,0.428123,*WRONG*
-FSPre_AG4k,3078,?,n,0.420470,0.362562,0.216968,0.420470,*WRONG*
-FSPre_AG4k,3084,?,n,0.482518,0.303849,0.213633,0.482518,*WRONG*
-FSPre_AG4k,3090,?,n,0.489653,0.296879,0.213469,0.489653,*WRONG*
-FSPre_AG4k,3096,?,n,0.481056,0.307601,0.211344,0.481056,*WRONG*
-FSPre_AG4k,3102,?,n,0.470387,0.325597,0.204016,0.470387,*WRONG*
-FSPre_AG4k,3108,?,P,0.399564,0.399564,0.214467,0.385969,*WRONG*
-FSPre_AG4k,3114,?,n,0.417340,0.365987,0.216674,0.417340,*WRONG*
-FSPre_AG4k,3120,?,n,0.396770,0.380004,0.223226,0.396770,*WRONG*
-FSPre_AG4k,3126,?,n,0.429591,0.343043,0.227366,0.429591,*WRONG*
-FSPre_AG4k,3132,?,n,0.417119,0.359837,0.223044,0.417119,*WRONG*
-FSPre_AG4k,3138,?,n,0.410347,0.371088,0.218565,0.410347,*WRONG*
-FSPre_AG4k,3144,?,n,0.505146,0.305788,0.189066,0.505146,*WRONG*
-FSPre_AG4k,3150,?,n,0.532658,0.273323,0.194019,0.532658,*WRONG*
-FSPre_AG4k,3156,?,n,0.538596,0.270299,0.191105,0.538596,*WRONG*
-FSPre_AG4k,3162,?,n,0.549905,0.260774,0.189321,0.549905,*WRONG*
-FSPre_AG4k,3168,?,n,0.651447,0.193544,0.155009,0.651447,*WRONG*
-FSPre_AG4k,3174,?,n,0.564393,0.240789,0.194818,0.564393,*WRONG*
-FSPre_AG4k,3180,?,n,0.514228,0.297043,0.188729,0.514228,*WRONG*
-FSPre_AG4k,3186,?,n,0.784260,0.109607,0.106132,0.784260,*WRONG*
-FSPre_AG4k,3192,?,n,0.701104,0.167888,0.131008,0.701104,*WRONG*
-FSPre_AG4k,3198,?,n,0.560450,0.274216,0.165334,0.560450,*WRONG*
-FSPre_AG4k,3204,?,n,0.629544,0.220502,0.149954,0.629544,*WRONG*
-FSPre_AG4k,3210,?,n,0.456413,0.357206,0.186381,0.456413,*WRONG*
-FSPre_AG4k,3216,?,n,0.510793,0.313690,0.175517,0.510793,*WRONG*
-FSPre_AG4k,3222,?,P,0.401119,0.401119,0.199908,0.398974,*WRONG*
-FSPre_AG4k,3228,?,n,0.513714,0.313257,0.173030,0.513714,*WRONG*
-FSPre_AG4k,3234,?,n,0.601729,0.245241,0.153030,0.601729,*WRONG*
-FSPre_AG4k,3240,?,n,0.632300,0.225213,0.142487,0.632300,*WRONG*
-FSPre_AG4k,3246,?,n,0.666611,0.202162,0.131228,0.666611,*WRONG*
-FSPre_AG4k,3252,?,n,0.615169,0.237785,0.147046,0.615169,*WRONG*
-FSPre_AG4k,3258,?,n,0.605457,0.233136,0.161407,0.605457,*WRONG*
-FSPre_AG4k,3264,?,n,0.575058,0.241138,0.183804,0.575058,*WRONG*
-FSPre_AG4k,3270,?,n,0.540630,0.264135,0.195234,0.540630,*WRONG*
-FSPre_AG4k,3276,?,n,0.391622,0.373015,0.235363,0.391622,*WRONG*
-FSPre_AG4k,3282,?,P,0.416988,0.416988,0.262525,0.320487,*WRONG*
-FSPre_AG4k,3288,?,P,0.404202,0.404202,0.259276,0.336523,*WRONG*
-FSPre_AG4k,3294,?,P,0.402225,0.402225,0.268824,0.328951,*WRONG*
-FSPre_AG4k,3300,?,P,0.416506,0.416506,0.276202,0.307292,*WRONG*
-FSPre_AG4k,3306,?,P,0.436221,0.436221,0.278540,0.285239,*WRONG*
-FSPre_AG4k,3312,?,P,0.401590,0.401590,0.258576,0.339834,*WRONG*
-FSPre_AG4k,3318,?,n,0.398743,0.367713,0.233544,0.398743,*WRONG*
-FSPre_AG4k,3324,?,n,0.438652,0.342327,0.219021,0.438652,*WRONG*
-FSPre_AG4k,3330,?,n,0.382732,0.351829,0.265439,0.382732,*WRONG*
-FSPre_AG4k,3336,?,n,0.430378,0.316375,0.253247,0.430378,*WRONG*
-FSPre_AG4k,3342,?,n,0.521679,0.266238,0.212084,0.521679,*WRONG*
-FSPre_AG4k,3348,?,n,0.601266,0.203597,0.195137,0.601266,*WRONG*
-FSPre_AG4k,3354,?,n,0.600521,0.197184,0.202295,0.600521,*WRONG*
-FSPre_AG4k,3360,?,n,0.579001,0.200941,0.220059,0.579001,*WRONG*
-FSPre_AG4k,3366,?,n,0.429787,0.292190,0.278023,0.429787,*WRONG*
-FSPre_AG4k,3372,?,n,0.599940,0.169396,0.230664,0.599940,*WRONG*
-FSPre_AG4k,3378,?,n,0.394053,0.291478,0.314470,0.394053,*WRONG*
-FSPre_AG4k,3384,?,n,0.461286,0.263335,0.275379,0.461286,*WRONG*
-FSPre_AG4k,3390,?,n,0.509991,0.233624,0.256385,0.509991,*WRONG*
-FSPre_AG4k,3396,?,n,0.552178,0.208496,0.239326,0.552178,*WRONG*
-FSPre_AG4k,3402,?,n,0.579264,0.178638,0.242098,0.579264,*WRONG*
-FSPre_AG4k,3408,?,n,0.520218,0.224478,0.255305,0.520218,*WRONG*
-FSPre_AG4k,3414,?,n,0.607515,0.182593,0.209892,0.607515,*WRONG*
-FSPre_AG4k,3420,?,n,0.871900,0.042686,0.085414,0.871900,*WRONG*
-FSPre_AG4k,3426,?,n,0.791948,0.084184,0.123869,0.791948,*WRONG*
-FSPre_AG4k,3432,?,n,0.763462,0.100450,0.136088,0.763462,*WRONG*
-FSPre_AG4k,3438,?,n,0.809995,0.077632,0.112373,0.809995,*WRONG*
-FSPre_AG4k,3444,?,n,0.715104,0.131483,0.153413,0.715104,*WRONG*
-FSPre_AG4k,3450,?,n,0.730819,0.129045,0.140136,0.730819,*WRONG*
-FSPre_AG4k,3456,?,n,0.462479,0.296615,0.240906,0.462479,*WRONG*
-FSPre_AG4k,3462,?,n,0.432935,0.306269,0.260796,0.432935,*WRONG*
-FSPre_AG4k,3468,?,n,0.529806,0.240226,0.229968,0.529806,*WRONG*
-FSPre_AG4k,3474,?,n,0.679207,0.146478,0.174315,0.679207,*WRONG*
-FSPre_AG4k,3480,?,n,0.778833,0.091639,0.129528,0.778833,*WRONG*
-FSPre_AG4k,3486,?,n,0.822271,0.070222,0.107508,0.822271,*WRONG*
-FSPre_AG4k,3492,?,n,0.602353,0.202598,0.195049,0.602353,*WRONG*
-FSPre_AG4k,3498,?,n,0.686826,0.165949,0.147225,0.686826,*WRONG*
-FSPre_AG4k,3504,?,n,0.766365,0.101504,0.132131,0.766365,*WRONG*
-FSPre_AG4k,3510,?,n,0.912372,0.028079,0.059549,0.912372,*WRONG*
-FSPre_AG4k,3516,?,n,0.889775,0.035024,0.075202,0.889775,*WRONG*
-FSPre_AG4k,3522,?,n,0.896898,0.034828,0.068274,0.896898,*WRONG*
-FSPre_AG4k,3528,?,n,0.891483,0.036834,0.071683,0.891483,*WRONG*
-FSPre_AG4k,3534,?,n,0.888286,0.037951,0.073763,0.888286,*WRONG*
-FSPre_AG4k,3540,?,n,0.917951,0.027551,0.054498,0.917951,*WRONG*
-FSPre_AG4k,3546,?,n,0.937033,0.020947,0.042020,0.937033,*WRONG*
-FSPre_AG4k,3552,?,n,0.939181,0.020044,0.040775,0.939181,*WRONG*
-FSPre_AG4k,3558,?,n,0.955137,0.015138,0.029724,0.955137,*WRONG*
-FSPre_AG4k,3564,?,n,0.963252,0.012553,0.024195,0.963252,*WRONG*
-FSPre_AG4k,3570,?,n,0.946935,0.017622,0.035444,0.946935,*WRONG*
-FSPre_AG4k,3576,?,n,0.935702,0.022283,0.042015,0.935702,*WRONG*
-FSPre_AG4k,3582,?,n,0.922643,0.028215,0.049142,0.922643,*WRONG*
-FSPre_AG4k,3588,?,n,0.832815,0.068492,0.098694,0.832815,*WRONG*
-FSPre_AG4k,3594,?,n,0.786580,0.094041,0.119378,0.786580,*WRONG*
-FSPre_AG4k,3600,?,n,0.753642,0.108868,0.137490,0.753642,*WRONG*
-FSPre_AG4k,3606,?,n,0.761822,0.103523,0.134655,0.761822,*WRONG*
-FSPre_AG4k,3612,?,n,0.698896,0.139858,0.161246,0.698896,*WRONG*
-FSPre_AG4k,3618,?,n,0.680170,0.155179,0.164651,0.680170,*WRONG*
-FSPre_AG4k,3624,?,n,0.802719,0.095996,0.101285,0.802719,*WRONG*
-FSPre_AG4k,3630,?,n,0.808156,0.092331,0.099513,0.808156,*WRONG*
-FSPre_AG4k,3636,?,n,0.753332,0.127896,0.118772,0.753332,*WRONG*
-FSPre_AG4k,3642,?,n,0.782884,0.116298,0.100818,0.782884,*WRONG*
-FSPre_AG4k,3648,?,n,0.788561,0.114968,0.096470,0.788561,*WRONG*
-FSPre_AG4k,3654,?,n,0.727680,0.157020,0.115300,0.727680,*WRONG*
-FSPre_AG4k,3660,?,n,0.765796,0.136147,0.098057,0.765796,*WRONG*
-FSPre_AG4k,3666,?,n,0.747961,0.150069,0.101970,0.747961,*WRONG*
-FSPre_AG4k,3672,?,n,0.647086,0.205575,0.147339,0.647086,*WRONG*
-FSPre_AG4k,3678,?,n,0.529920,0.296081,0.173999,0.529920,*WRONG*
-FSPre_AG4k,3684,?,n,0.549182,0.271863,0.178954,0.549182,*WRONG*
-FSPre_AG4k,3690,?,n,0.496377,0.298261,0.205362,0.496377,*WRONG*
