video_id,frame_number,groundtruth_label,predicted_label,predicted_label_probability,probability_P,probability_S,probability_n,mismatch_flag
HUMEcnkvhJU,0,?,n,0.415217,0.222202,0.362581,0.415217,*WRONG*
HUMEcnkvhJU,6,?,n,0.401024,0.247633,0.351343,0.401024,*WRONG*
HUMEcnkvhJU,12,?,n,0.368393,0.271457,0.360150,0.368393,*WRONG*
HUMEcnkvhJU,18,?,n,0.384448,0.250719,0.364833,0.384448,*WRONG*
HUMEcnkvhJU,24,?,n,0.379453,0.248768,0.371780,0.379453,*WRONG*
HUMEcnkvhJU,30,?,S,0.379691,0.244107,0.379691,0.376201,*WRONG*
HUMEcnkvhJU,36,?,n,0.388217,0.237140,0.374643,0.388217,*WRONG*
HUMEcnkvhJU,42,?,S,0.382913,0.234455,0.382913,0.382632,*WRONG*
HUMEcnkvhJU,48,?,n,0.384442,0.232246,0.383313,0.384442,*WRONG*
HUMEcnkvhJU,54,?,n,0.394804,0.238456,0.366740,0.394804,*WRONG*
HUMEcnkvhJU,60,?,n,0.398613,0.236436,0.364951,0.398613,*WRONG*
HUMEcnkvhJU,66,?,n,0.421318,0.228144,0.350538,0.421318,*WRONG*
HUMEcnkvhJU,72,?,n,0.456685,0.220636,0.322679,0.456685,*WRONG*
HUMEcnkvhJU,78,?,n,0.438815,0.248065,0.313120,0.438815,*WRONG*
HUMEcnkvhJU,84,?,n,0.415296,0.263634,0.321070,0.415296,*WRONG*
HUMEcnkvhJU,90,?,n,0.431453,0.248778,0.319768,0.431453,*WRONG*
HUMEcnkvhJU,96,?,n,0.468744,0.220823,0.310433,0.468744,*WRONG*
HUMEcnkvhJU,102,?,n,0.476557,0.221592,0.301851,0.476557,*WRONG*
HUMEcnkvhJU,108,?,n,0.441004,0.239064,0.319932,0.441004,*WRONG*
HUMEcnkvhJU,114,?,n,0.444486,0.232876,0.322638,0.444486,*WRONG*
HUMEcnkvhJU,120,?,n,0.437555,0.205877,0.356569,0.437555,*WRONG*
HUMEcnkvhJU,126,?,n,0.458845,0.194614,0.346541,0.458845,*WRONG*
HUMEcnkvhJU,132,?,n,0.455617,0.186216,0.358168,0.455617,*WRONG*
HUMEcnkvhJU,138,?,n,0.425141,0.204488,0.370371,0.425141,*WRONG*
HUMEcnkvhJU,144,?,S,0.408494,0.221092,0.408494,0.370414,*WRONG*
HUMEcnkvhJU,150,?,S,0.424577,0.233691,0.424577,0.341732,*WRONG*
HUMEcnkvhJU,156,?,S,0.439168,0.232847,0.439168,0.327985,*WRONG*
HUMEcnkvhJU,162,?,S,0.425674,0.235084,0.425674,0.339243,*WRONG*
HUMEcnkvhJU,168,?,S,0.443985,0.215500,0.443985,0.340516,*WRONG*
HUMEcnkvhJU,174,?,S,0.442867,0.207450,0.442867,0.349684,*WRONG*
HUMEcnkvhJU,180,?,S,0.438421,0.201904,0.438421,0.359675,*WRONG*
HUMEcnkvhJU,186,?,S,0.417646,0.224463,0.417646,0.357891,*WRONG*
HUMEcnkvhJU,192,?,S,0.392473,0.226536,0.392473,0.380991,*WRONG*
HUMEcnkvhJU,198,?,n,0.396534,0.222661,0.380805,0.396534,*WRONG*
HUMEcnkvhJU,204,?,S,0.398469,0.218552,0.398469,0.382980,*WRONG*
HUMEcnkvhJU,210,?,S,0.406264,0.209312,0.406264,0.384424,*WRONG*
HUMEcnkvhJU,216,?,n,0.399722,0.208412,0.391867,0.399722,*WRONG*
HUMEcnkvhJU,222,?,n,0.412611,0.214197,0.373193,0.412611,*WRONG*
HUMEcnkvhJU,228,?,n,0.433449,0.211126,0.355425,0.433449,*WRONG*
HUMEcnkvhJU,234,?,n,0.419920,0.199605,0.380476,0.419920,*WRONG*
HUMEcnkvhJU,240,?,n,0.406821,0.213416,0.379763,0.406821,*WRONG*
HUMEcnkvhJU,246,?,S,0.386334,0.229030,0.386334,0.384636,*WRONG*
HUMEcnkvhJU,252,?,S,0.380881,0.242894,0.380881,0.376225,*WRONG*
HUMEcnkvhJU,258,?,n,0.383887,0.248707,0.367406,0.383887,*WRONG*
HUMEcnkvhJU,264,?,n,0.387805,0.242998,0.369197,0.387805,*WRONG*
HUMEcnkvhJU,270,?,n,0.409023,0.207575,0.383402,0.409023,*WRONG*
HUMEcnkvhJU,276,?,n,0.398602,0.206525,0.394873,0.398602,*WRONG*
HUMEcnkvhJU,282,?,S,0.404790,0.227928,0.404790,0.367282,*WRONG*
HUMEcnkvhJU,288,?,S,0.386732,0.233527,0.386732,0.379741,*WRONG*
HUMEcnkvhJU,294,?,S,0.400889,0.212164,0.400889,0.386947,*WRONG*
HUMEcnkvhJU,300,?,S,0.420603,0.192052,0.420603,0.387344,*WRONG*
HUMEcnkvhJU,306,?,S,0.420683,0.199787,0.420683,0.379530,*WRONG*
HUMEcnkvhJU,312,?,S,0.414235,0.214988,0.414235,0.370777,*WRONG*
HUMEcnkvhJU,318,?,S,0.411025,0.213134,0.411025,0.375841,*WRONG*
HUMEcnkvhJU,324,?,n,0.400384,0.212467,0.387149,0.400384,*WRONG*
HUMEcnkvhJU,330,?,n,0.389410,0.221476,0.389115,0.389410,*WRONG*
HUMEcnkvhJU,336,?,S,0.399961,0.218864,0.399961,0.381176,*WRONG*
HUMEcnkvhJU,342,?,S,0.390785,0.220780,0.390785,0.388434,*WRONG*
HUMEcnkvhJU,348,?,S,0.387522,0.230711,0.387522,0.381766,*WRONG*
HUMEcnkvhJU,354,?,n,0.390954,0.229240,0.379806,0.390954,*WRONG*
HUMEcnkvhJU,360,?,n,0.415443,0.210149,0.374408,0.415443,*WRONG*
HUMEcnkvhJU,366,?,n,0.434806,0.206834,0.358360,0.434806,*WRONG*
HUMEcnkvhJU,372,?,n,0.442964,0.181287,0.375749,0.442964,*WRONG*
HUMEcnkvhJU,378,?,n,0.455683,0.160027,0.384290,0.455683,*WRONG*
HUMEcnkvhJU,384,?,n,0.458769,0.160249,0.380983,0.458769,*WRONG*
HUMEcnkvhJU,390,?,n,0.446695,0.172693,0.380612,0.446695,*WRONG*
HUMEcnkvhJU,396,?,n,0.441266,0.178887,0.379847,0.441266,*WRONG*
HUMEcnkvhJU,402,?,n,0.427652,0.175105,0.397243,0.427652,*WRONG*
HUMEcnkvhJU,408,?,n,0.463524,0.205504,0.330972,0.463524,*WRONG*
HUMEcnkvhJU,414,?,n,0.498509,0.214177,0.287314,0.498509,*WRONG*
HUMEcnkvhJU,420,?,n,0.504691,0.236141,0.259169,0.504691,*WRONG*
HUMEcnkvhJU,426,?,n,0.499445,0.246759,0.253797,0.499445,*WRONG*
HUMEcnkvhJU,432,?,n,0.494821,0.256444,0.248734,0.494821,*WRONG*
HUMEcnkvhJU,438,?,n,0.474903,0.273206,0.251891,0.474903,*WRONG*
HUMEcnkvhJU,444,?,n,0.490611,0.264844,0.244545,0.490611,*WRONG*
HUMEcnkvhJU,450,?,n,0.505203,0.265035,0.229762,0.505203,*WRONG*
HUMEcnkvhJU,456,?,n,0.509536,0.261359,0.229105,0.509536,*WRONG*
HUMEcnkvhJU,462,?,n,0.494261,0.282154,0.223585,0.494261,*WRONG*
HUMEcnkvhJU,468,?,n,0.487020,0.293296,0.219684,0.487020,*WRONG*
HUMEcnkvhJU,474,?,n,0.470751,0.301534,0.227715,0.470751,*WRONG*
HUMEcnkvhJU,480,?,n,0.441415,0.329071,0.229513,0.441415,*WRONG*
HUMEcnkvhJU,486,?,n,0.431081,0.353435,0.215484,0.431081,*WRONG*
HUMEcnkvhJU,492,?,n,0.432552,0.353072,0.214376,0.432552,*WRONG*
HUMEcnkvhJU,498,?,n,0.417166,0.365130,0.217704,0.417166,*WRONG*
HUMEcnkvhJU,504,?,n,0.403802,0.350395,0.245803,0.403802,*WRONG*
HUMEcnkvhJU,510,?,n,0.437653,0.306013,0.256334,0.437653,*WRONG*
HUMEcnkvhJU,516,?,n,0.406069,0.301505,0.292426,0.406069,*WRONG*
HUMEcnkvhJU,522,?,n,0.437639,0.295488,0.266872,0.437639,*WRONG*
HUMEcnkvhJU,528,?,n,0.434611,0.300113,0.265276,0.434611,*WRONG*
HUMEcnkvhJU,534,?,n,0.442478,0.287950,0.269571,0.442478,*WRONG*
HUMEcnkvhJU,540,?,n,0.462345,0.256206,0.281449,0.462345,*WRONG*
HUMEcnkvhJU,546,?,n,0.480084,0.248342,0.271573,0.480084,*WRONG*
HUMEcnkvhJU,552,?,n,0.478332,0.263163,0.258505,0.478332,*WRONG*
HUMEcnkvhJU,558,?,n,0.471711,0.229992,0.298297,0.471711,*WRONG*
HUMEcnkvhJU,564,?,n,0.488155,0.223814,0.288031,0.488155,*WRONG*
HUMEcnkvhJU,570,?,n,0.430199,0.225282,0.344519,0.430199,*WRONG*
HUMEcnkvhJU,576,?,n,0.431736,0.228347,0.339916,0.431736,*WRONG*
HUMEcnkvhJU,582,?,n,0.434895,0.205714,0.359391,0.434895,*WRONG*
HUMEcnkvhJU,588,?,n,0.448978,0.207430,0.343592,0.448978,*WRONG*
HUMEcnkvhJU,594,?,n,0.520834,0.171315,0.307850,0.520834,*WRONG*
HUMEcnkvhJU,600,?,n,0.504291,0.182936,0.312773,0.504291,*WRONG*
HUMEcnkvhJU,606,?,n,0.473260,0.206173,0.320567,0.473260,*WRONG*
HUMEcnkvhJU,612,?,n,0.483984,0.202222,0.313794,0.483984,*WRONG*
HUMEcnkvhJU,618,?,n,0.452822,0.191947,0.355231,0.452822,*WRONG*
HUMEcnkvhJU,624,?,n,0.452081,0.182172,0.365747,0.452081,*WRONG*
HUMEcnkvhJU,630,?,n,0.426203,0.174987,0.398810,0.426203,*WRONG*
HUMEcnkvhJU,636,?,n,0.430255,0.153709,0.416035,0.430255,*WRONG*
HUMEcnkvhJU,642,?,n,0.431919,0.173478,0.394602,0.431919,*WRONG*
HUMEcnkvhJU,648,?,n,0.468170,0.161266,0.370564,0.468170,*WRONG*
HUMEcnkvhJU,654,?,n,0.439510,0.166061,0.394429,0.439510,*WRONG*
HUMEcnkvhJU,660,?,n,0.458648,0.168654,0.372697,0.458648,*WRONG*
HUMEcnkvhJU,666,?,n,0.435067,0.194104,0.370829,0.435067,*WRONG*
HUMEcnkvhJU,672,?,n,0.467593,0.186774,0.345633,0.467593,*WRONG*
HUMEcnkvhJU,678,?,n,0.429936,0.205412,0.364652,0.429936,*WRONG*
HUMEcnkvhJU,684,?,n,0.460062,0.193995,0.345943,0.460062,*WRONG*
HUMEcnkvhJU,690,?,n,0.489997,0.176663,0.333340,0.489997,*WRONG*
HUMEcnkvhJU,696,?,n,0.461103,0.190958,0.347939,0.461103,*WRONG*
HUMEcnkvhJU,702,?,n,0.444753,0.194528,0.360719,0.444753,*WRONG*
HUMEcnkvhJU,708,?,n,0.440608,0.206263,0.353129,0.440608,*WRONG*
HUMEcnkvhJU,714,?,n,0.425306,0.220390,0.354305,0.425306,*WRONG*
HUMEcnkvhJU,720,?,n,0.401687,0.213183,0.385130,0.401687,*WRONG*
HUMEcnkvhJU,726,?,n,0.456062,0.190299,0.353639,0.456062,*WRONG*
HUMEcnkvhJU,732,?,n,0.441670,0.197574,0.360756,0.441670,*WRONG*
HUMEcnkvhJU,738,?,n,0.448269,0.179306,0.372425,0.448269,*WRONG*
HUMEcnkvhJU,744,?,n,0.418143,0.180702,0.401155,0.418143,*WRONG*
HUMEcnkvhJU,750,?,n,0.407336,0.190485,0.402179,0.407336,*WRONG*
HUMEcnkvhJU,756,?,n,0.416137,0.197588,0.386275,0.416137,*WRONG*
HUMEcnkvhJU,762,?,S,0.420756,0.196420,0.420756,0.382824,*WRONG*
HUMEcnkvhJU,768,?,n,0.415835,0.183659,0.400506,0.415835,*WRONG*
HUMEcnkvhJU,774,?,n,0.429550,0.185387,0.385063,0.429550,*WRONG*
HUMEcnkvhJU,780,?,S,0.410422,0.202231,0.410422,0.387348,*WRONG*
HUMEcnkvhJU,786,?,S,0.400585,0.212674,0.400585,0.386741,*WRONG*
HUMEcnkvhJU,792,?,n,0.418387,0.207192,0.374421,0.418387,*WRONG*
HUMEcnkvhJU,798,?,n,0.424508,0.200815,0.374677,0.424508,*WRONG*
HUMEcnkvhJU,804,?,n,0.430471,0.187861,0.381668,0.430471,*WRONG*
HUMEcnkvhJU,810,?,n,0.443961,0.175528,0.380511,0.443961,*WRONG*
HUMEcnkvhJU,816,?,n,0.408355,0.195318,0.396328,0.408355,*WRONG*
HUMEcnkvhJU,822,?,S,0.410850,0.209127,0.410850,0.380023,*WRONG*
HUMEcnkvhJU,828,?,S,0.406317,0.192949,0.406317,0.400734,*WRONG*
HUMEcnkvhJU,834,?,S,0.402390,0.198218,0.402390,0.399391,*WRONG*
HUMEcnkvhJU,840,?,n,0.409211,0.205647,0.385142,0.409211,*WRONG*
HUMEcnkvhJU,846,?,n,0.423995,0.198122,0.377883,0.423995,*WRONG*
HUMEcnkvhJU,852,?,n,0.415527,0.191167,0.393306,0.415527,*WRONG*
HUMEcnkvhJU,858,?,n,0.431060,0.170355,0.398586,0.431060,*WRONG*
HUMEcnkvhJU,864,?,S,0.418811,0.175786,0.418811,0.405403,*WRONG*
HUMEcnkvhJU,870,?,n,0.445018,0.155575,0.399407,0.445018,*WRONG*
HUMEcnkvhJU,876,?,n,0.475040,0.145114,0.379845,0.475040,*WRONG*
HUMEcnkvhJU,882,?,n,0.473390,0.143302,0.383308,0.473390,*WRONG*
HUMEcnkvhJU,888,?,n,0.476306,0.139819,0.383875,0.476306,*WRONG*
HUMEcnkvhJU,894,?,n,0.465926,0.146495,0.387579,0.465926,*WRONG*
HUMEcnkvhJU,900,?,n,0.436437,0.174743,0.388819,0.436437,*WRONG*
HUMEcnkvhJU,906,?,n,0.411640,0.196161,0.392198,0.411640,*WRONG*
HUMEcnkvhJU,912,?,S,0.408246,0.196900,0.408246,0.394854,*WRONG*
HUMEcnkvhJU,918,?,S,0.409490,0.199675,0.409490,0.390835,*WRONG*
HUMEcnkvhJU,924,?,S,0.410523,0.206040,0.410523,0.383438,*WRONG*
HUMEcnkvhJU,930,?,S,0.421187,0.181287,0.421187,0.397526,*WRONG*
HUMEcnkvhJU,936,?,S,0.423760,0.175063,0.423760,0.401176,*WRONG*
HUMEcnkvhJU,942,?,S,0.429757,0.166506,0.429757,0.403737,*WRONG*
HUMEcnkvhJU,948,?,S,0.429330,0.162957,0.429330,0.407712,*WRONG*
HUMEcnkvhJU,954,?,S,0.431737,0.164973,0.431737,0.403289,*WRONG*
HUMEcnkvhJU,960,?,S,0.420202,0.166916,0.420202,0.412882,*WRONG*
HUMEcnkvhJU,966,?,n,0.423786,0.153851,0.422363,0.423786,*WRONG*
HUMEcnkvhJU,972,?,S,0.426189,0.157964,0.426189,0.415847,*WRONG*
HUMEcnkvhJU,978,?,n,0.427212,0.179496,0.393292,0.427212,*WRONG*
HUMEcnkvhJU,984,?,S,0.416809,0.187571,0.416809,0.395620,*WRONG*
HUMEcnkvhJU,990,?,S,0.395618,0.209269,0.395618,0.395114,*WRONG*
HUMEcnkvhJU,996,?,S,0.391799,0.218335,0.391799,0.389866,*WRONG*
HUMEcnkvhJU,1002,?,S,0.398326,0.224834,0.398326,0.376840,*WRONG*
HUMEcnkvhJU,1008,?,n,0.382076,0.238711,0.379213,0.382076,*WRONG*
HUMEcnkvhJU,1014,?,n,0.410919,0.237932,0.351149,0.410919,*WRONG*
HUMEcnkvhJU,1020,?,n,0.399733,0.245612,0.354655,0.399733,*WRONG*
HUMEcnkvhJU,1026,?,n,0.517264,0.218724,0.264013,0.517264,*WRONG*
HUMEcnkvhJU,1032,?,n,0.578606,0.213072,0.208322,0.578606,*WRONG*
HUMEcnkvhJU,1038,?,n,0.601007,0.200654,0.198339,0.601007,*WRONG*
HUMEcnkvhJU,1044,?,n,0.620901,0.176989,0.202109,0.620901,*WRONG*
HUMEcnkvhJU,1050,?,n,0.630871,0.155292,0.213837,0.630871,*WRONG*
HUMEcnkvhJU,1056,?,n,0.640831,0.159590,0.199579,0.640831,*WRONG*
HUMEcnkvhJU,1062,?,n,0.620272,0.161484,0.218244,0.620272,*WRONG*
HUMEcnkvhJU,1068,?,n,0.624966,0.156610,0.218425,0.624966,*WRONG*
HUMEcnkvhJU,1074,?,n,0.617516,0.162331,0.220153,0.617516,*WRONG*
HUMEcnkvhJU,1080,?,n,0.645777,0.147542,0.206681,0.645777,*WRONG*
HUMEcnkvhJU,1086,?,n,0.626257,0.164850,0.208893,0.626257,*WRONG*
HUMEcnkvhJU,1092,?,n,0.630097,0.164857,0.205046,0.630097,*WRONG*
HUMEcnkvhJU,1098,?,n,0.591673,0.183033,0.225294,0.591673,*WRONG*
HUMEcnkvhJU,1104,?,n,0.567412,0.192500,0.240088,0.567412,*WRONG*
HUMEcnkvhJU,1110,?,n,0.557250,0.191408,0.251341,0.557250,*WRONG*
HUMEcnkvhJU,1116,?,n,0.571981,0.187624,0.240395,0.571981,*WRONG*
HUMEcnkvhJU,1122,?,n,0.574154,0.175140,0.250706,0.574154,*WRONG*
HUMEcnkvhJU,1128,?,n,0.580179,0.167692,0.252130,0.580179,*WRONG*
HUMEcnkvhJU,1134,?,n,0.591389,0.173082,0.235529,0.591389,*WRONG*
HUMEcnkvhJU,1140,?,n,0.598414,0.157234,0.244352,0.598414,*WRONG*
HUMEcnkvhJU,1146,?,n,0.502569,0.225790,0.271641,0.502569,*WRONG*
HUMEcnkvhJU,1152,?,n,0.511021,0.221232,0.267747,0.511021,*WRONG*
HUMEcnkvhJU,1158,?,n,0.553317,0.188763,0.257920,0.553317,*WRONG*
HUMEcnkvhJU,1164,?,n,0.522898,0.197569,0.279533,0.522898,*WRONG*
HUMEcnkvhJU,1170,?,n,0.540601,0.202913,0.256487,0.540601,*WRONG*
HUMEcnkvhJU,1176,?,n,0.554480,0.202865,0.242654,0.554480,*WRONG*
HUMEcnkvhJU,1182,?,n,0.576232,0.180371,0.243397,0.576232,*WRONG*
HUMEcnkvhJU,1188,?,n,0.582299,0.191443,0.226258,0.582299,*WRONG*
HUMEcnkvhJU,1194,?,n,0.585988,0.186752,0.227260,0.585988,*WRONG*
HUMEcnkvhJU,1200,?,n,0.554209,0.197739,0.248053,0.554209,*WRONG*
HUMEcnkvhJU,1206,?,n,0.579684,0.175411,0.244905,0.579684,*WRONG*
HUMEcnkvhJU,1212,?,n,0.603967,0.161629,0.234404,0.603967,*WRONG*
HUMEcnkvhJU,1218,?,n,0.607253,0.166442,0.226305,0.607253,*WRONG*
HUMEcnkvhJU,1224,?,n,0.619417,0.147441,0.233143,0.619417,*WRONG*
HUMEcnkvhJU,1230,?,n,0.628785,0.148991,0.222225,0.628785,*WRONG*
HUMEcnkvhJU,1236,?,n,0.598354,0.166733,0.234913,0.598354,*WRONG*
HUMEcnkvhJU,1242,?,n,0.581254,0.199746,0.219000,0.581254,*WRONG*
HUMEcnkvhJU,1248,?,n,0.595025,0.184143,0.220832,0.595025,*WRONG*
HUMEcnkvhJU,1254,?,n,0.600577,0.169219,0.230204,0.600577,*WRONG*
HUMEcnkvhJU,1260,?,n,0.607641,0.163441,0.228918,0.607641,*WRONG*
HUMEcnkvhJU,1266,?,n,0.560810,0.185289,0.253900,0.560810,*WRONG*
HUMEcnkvhJU,1272,?,n,0.554083,0.235714,0.210203,0.554083,*WRONG*
HUMEcnkvhJU,1278,?,n,0.580485,0.216461,0.203054,0.580485,*WRONG*
HUMEcnkvhJU,1284,?,n,0.553977,0.190798,0.255226,0.553977,*WRONG*
HUMEcnkvhJU,1290,?,n,0.583368,0.167947,0.248686,0.583368,*WRONG*
HUMEcnkvhJU,1296,?,n,0.565997,0.183184,0.250818,0.565997,*WRONG*
HUMEcnkvhJU,1302,?,n,0.597750,0.178851,0.223399,0.597750,*WRONG*
HUMEcnkvhJU,1308,?,n,0.560268,0.206883,0.232849,0.560268,*WRONG*
HUMEcnkvhJU,1314,?,n,0.528864,0.218316,0.252821,0.528864,*WRONG*
HUMEcnkvhJU,1320,?,n,0.606574,0.189770,0.203656,0.606574,*WRONG*
HUMEcnkvhJU,1326,?,n,0.595006,0.209618,0.195376,0.595006,*WRONG*
HUMEcnkvhJU,1332,?,n,0.591934,0.180919,0.227147,0.591934,*WRONG*
HUMEcnkvhJU,1338,?,n,0.537626,0.185866,0.276507,0.537626,*WRONG*
HUMEcnkvhJU,1344,?,n,0.528742,0.185847,0.285411,0.528742,*WRONG*
HUMEcnkvhJU,1350,?,n,0.534642,0.161268,0.304090,0.534642,*WRONG*
HUMEcnkvhJU,1356,?,n,0.487154,0.195906,0.316940,0.487154,*WRONG*
HUMEcnkvhJU,1362,?,n,0.451757,0.213716,0.334527,0.451757,*WRONG*
HUMEcnkvhJU,1368,?,n,0.521828,0.209383,0.268789,0.521828,*WRONG*
HUMEcnkvhJU,1374,?,n,0.503859,0.180247,0.315894,0.503859,*WRONG*
HUMEcnkvhJU,1380,?,n,0.503372,0.173470,0.323158,0.503372,*WRONG*
HUMEcnkvhJU,1386,?,n,0.513929,0.172399,0.313672,0.513929,*WRONG*
HUMEcnkvhJU,1392,?,n,0.573936,0.146693,0.279371,0.573936,*WRONG*
HUMEcnkvhJU,1398,?,n,0.567711,0.155385,0.276904,0.567711,*WRONG*
HUMEcnkvhJU,1404,?,n,0.564878,0.167301,0.267821,0.564878,*WRONG*
HUMEcnkvhJU,1410,?,n,0.548950,0.188556,0.262494,0.548950,*WRONG*
HUMEcnkvhJU,1416,?,n,0.569466,0.179381,0.251153,0.569466,*WRONG*
HUMEcnkvhJU,1422,?,n,0.575550,0.193592,0.230858,0.575550,*WRONG*
HUMEcnkvhJU,1428,?,n,0.605560,0.180766,0.213674,0.605560,*WRONG*
HUMEcnkvhJU,1434,?,n,0.649401,0.142193,0.208406,0.649401,*WRONG*
HUMEcnkvhJU,1440,?,n,0.640033,0.145139,0.214827,0.640033,*WRONG*
HUMEcnkvhJU,1446,?,n,0.634196,0.131091,0.234713,0.634196,*WRONG*
HUMEcnkvhJU,1452,?,n,0.582663,0.143494,0.273843,0.582663,*WRONG*
HUMEcnkvhJU,1458,?,n,0.550164,0.170229,0.279607,0.550164,*WRONG*
HUMEcnkvhJU,1464,?,n,0.535305,0.176499,0.288196,0.535305,*WRONG*
HUMEcnkvhJU,1470,?,n,0.553276,0.168727,0.277997,0.553276,*WRONG*
HUMEcnkvhJU,1476,?,n,0.528890,0.194142,0.276968,0.528890,*WRONG*
HUMEcnkvhJU,1482,?,n,0.495892,0.213626,0.290482,0.495892,*WRONG*
HUMEcnkvhJU,1488,?,n,0.493736,0.224024,0.282240,0.493736,*WRONG*
HUMEcnkvhJU,1494,?,n,0.495335,0.206743,0.297922,0.495335,*WRONG*
HUMEcnkvhJU,1500,?,n,0.459385,0.216610,0.324005,0.459385,*WRONG*
HUMEcnkvhJU,1506,?,n,0.504889,0.209508,0.285603,0.504889,*WRONG*
HUMEcnkvhJU,1512,?,n,0.507453,0.184764,0.307783,0.507453,*WRONG*
HUMEcnkvhJU,1518,?,n,0.510196,0.177625,0.312179,0.510196,*WRONG*
HUMEcnkvhJU,1524,?,n,0.504304,0.168476,0.327220,0.504304,*WRONG*
HUMEcnkvhJU,1530,?,n,0.478528,0.189435,0.332037,0.478528,*WRONG*
HUMEcnkvhJU,1536,?,n,0.470005,0.223025,0.306970,0.470005,*WRONG*
HUMEcnkvhJU,1542,?,n,0.443172,0.217568,0.339261,0.443172,*WRONG*
HUMEcnkvhJU,1548,?,n,0.424277,0.243254,0.332469,0.424277,*WRONG*
HUMEcnkvhJU,1554,?,n,0.403558,0.242419,0.354023,0.403558,*WRONG*
HUMEcnkvhJU,1560,?,n,0.411521,0.235630,0.352849,0.411521,*WRONG*
HUMEcnkvhJU,1566,?,n,0.440193,0.215224,0.344584,0.440193,*WRONG*
HUMEcnkvhJU,1572,?,n,0.461084,0.213377,0.325539,0.461084,*WRONG*
HUMEcnkvhJU,1578,?,n,0.463944,0.196142,0.339914,0.463944,*WRONG*
HUMEcnkvhJU,1584,?,n,0.428708,0.224998,0.346294,0.428708,*WRONG*
HUMEcnkvhJU,1590,?,n,0.425984,0.250394,0.323622,0.425984,*WRONG*
HUMEcnkvhJU,1596,?,n,0.436364,0.207638,0.355998,0.436364,*WRONG*
HUMEcnkvhJU,1602,?,n,0.447055,0.199238,0.353707,0.447055,*WRONG*
HUMEcnkvhJU,1608,?,n,0.452891,0.192129,0.354980,0.452891,*WRONG*
HUMEcnkvhJU,1614,?,n,0.451989,0.199089,0.348922,0.451989,*WRONG*
HUMEcnkvhJU,1620,?,n,0.462494,0.209993,0.327513,0.462494,*WRONG*
HUMEcnkvhJU,1626,?,n,0.443707,0.214506,0.341787,0.443707,*WRONG*
HUMEcnkvhJU,1632,?,n,0.462395,0.222246,0.315360,0.462395,*WRONG*
HUMEcnkvhJU,1638,?,n,0.425291,0.268603,0.306106,0.425291,*WRONG*
HUMEcnkvhJU,1644,?,n,0.427035,0.258411,0.314554,0.427035,*WRONG*
HUMEcnkvhJU,1650,?,n,0.433800,0.236689,0.329510,0.433800,*WRONG*
HUMEcnkvhJU,1656,?,n,0.464158,0.210509,0.325333,0.464158,*WRONG*
HUMEcnkvhJU,1662,?,n,0.473206,0.199259,0.327535,0.473206,*WRONG*
HUMEcnkvhJU,1668,?,n,0.470090,0.196445,0.333466,0.470090,*WRONG*
HUMEcnkvhJU,1674,?,n,0.456787,0.212673,0.330541,0.456787,*WRONG*
HUMEcnkvhJU,1680,?,n,0.508615,0.188148,0.303236,0.508615,*WRONG*
HUMEcnkvhJU,1686,?,n,0.497046,0.174944,0.328010,0.497046,*WRONG*
HUMEcnkvhJU,1692,?,n,0.503572,0.155691,0.340737,0.503572,*WRONG*
HUMEcnkvhJU,1698,?,n,0.503610,0.155884,0.340506,0.503610,*WRONG*
HUMEcnkvhJU,1704,?,n,0.488920,0.171949,0.339131,0.488920,*WRONG*
HUMEcnkvhJU,1710,?,n,0.492400,0.172286,0.335314,0.492400,*WRONG*
HUMEcnkvhJU,1716,?,n,0.513620,0.173466,0.312914,0.513620,*WRONG*
HUMEcnkvhJU,1722,?,n,0.534243,0.181489,0.284269,0.534243,*WRONG*
HUMEcnkvhJU,1728,?,n,0.524943,0.205479,0.269578,0.524943,*WRONG*
HUMEcnkvhJU,1734,?,n,0.505152,0.190059,0.304789,0.505152,*WRONG*
HUMEcnkvhJU,1740,?,n,0.509907,0.192195,0.297898,0.509907,*WRONG*
HUMEcnkvhJU,1746,?,n,0.528701,0.185351,0.285949,0.528701,*WRONG*
HUMEcnkvhJU,1752,?,n,0.535002,0.185544,0.279453,0.535002,*WRONG*
HUMEcnkvhJU,1758,?,n,0.515453,0.208999,0.275548,0.515453,*WRONG*
HUMEcnkvhJU,1764,?,n,0.532854,0.201015,0.266131,0.532854,*WRONG*
HUMEcnkvhJU,1770,?,n,0.496966,0.209448,0.293587,0.496966,*WRONG*
HUMEcnkvhJU,1776,?,n,0.499800,0.211227,0.288973,0.499800,*WRONG*
HUMEcnkvhJU,1782,?,n,0.481812,0.231192,0.286996,0.481812,*WRONG*
HUMEcnkvhJU,1788,?,n,0.529417,0.187309,0.283274,0.529417,*WRONG*
HUMEcnkvhJU,1794,?,n,0.515951,0.195597,0.288452,0.515951,*WRONG*
HUMEcnkvhJU,1800,?,n,0.514817,0.190621,0.294562,0.514817,*WRONG*
HUMEcnkvhJU,1806,?,n,0.533433,0.183761,0.282806,0.533433,*WRONG*
HUMEcnkvhJU,1812,?,n,0.530468,0.187801,0.281731,0.530468,*WRONG*
HUMEcnkvhJU,1818,?,n,0.502124,0.194396,0.303480,0.502124,*WRONG*
HUMEcnkvhJU,1824,?,n,0.507301,0.182374,0.310325,0.507301,*WRONG*
HUMEcnkvhJU,1830,?,n,0.476053,0.204109,0.319839,0.476053,*WRONG*
HUMEcnkvhJU,1836,?,n,0.481129,0.228742,0.290130,0.481129,*WRONG*
HUMEcnkvhJU,1842,?,n,0.474142,0.232806,0.293052,0.474142,*WRONG*
HUMEcnkvhJU,1848,?,n,0.500084,0.232293,0.267622,0.500084,*WRONG*
HUMEcnkvhJU,1854,?,n,0.500888,0.237190,0.261922,0.500888,*WRONG*
HUMEcnkvhJU,1860,?,n,0.459395,0.272692,0.267914,0.459395,*WRONG*
HUMEcnkvhJU,1866,?,n,0.464831,0.280755,0.254414,0.464831,*WRONG*
HUMEcnkvhJU,1872,?,n,0.470007,0.275711,0.254282,0.470007,*WRONG*
HUMEcnkvhJU,1878,?,n,0.465932,0.290687,0.243381,0.465932,*WRONG*
HUMEcnkvhJU,1884,?,n,0.479210,0.273714,0.247076,0.479210,*WRONG*
HUMEcnkvhJU,1890,?,n,0.477117,0.262777,0.260106,0.477117,*WRONG*
HUMEcnkvhJU,1896,?,n,0.465157,0.277296,0.257547,0.465157,*WRONG*
HUMEcnkvhJU,1902,?,n,0.463329,0.275685,0.260986,0.463329,*WRONG*
HUMEcnkvhJU,1908,?,n,0.460485,0.273447,0.266069,0.460485,*WRONG*
HUMEcnkvhJU,1914,?,n,0.464568,0.269228,0.266204,0.464568,*WRONG*
HUMEcnkvhJU,1920,?,n,0.415170,0.301776,0.283054,0.415170,*WRONG*
HUMEcnkvhJU,1926,?,n,0.451039,0.284543,0.264419,0.451039,*WRONG*
HUMEcnkvhJU,1932,?,n,0.459801,0.270681,0.269518,0.459801,*WRONG*
HUMEcnkvhJU,1938,?,n,0.466280,0.259365,0.274355,0.466280,*WRONG*
HUMEcnkvhJU,1944,?,n,0.446470,0.286160,0.267369,0.446470,*WRONG*
HUMEcnkvhJU,1950,?,n,0.420340,0.318727,0.260933,0.420340,*WRONG*
HUMEcnkvhJU,1956,?,n,0.451519,0.289593,0.258887,0.451519,*WRONG*
HUMEcnkvhJU,1962,?,n,0.474509,0.257161,0.268330,0.474509,*WRONG*
HUMEcnkvhJU,1968,?,n,0.429729,0.286064,0.284207,0.429729,*WRONG*
HUMEcnkvhJU,1974,?,n,0.455100,0.261528,0.283372,0.455100,*WRONG*
HUMEcnkvhJU,1980,?,n,0.454773,0.254860,0.290367,0.454773,*WRONG*
HUMEcnkvhJU,1986,?,n,0.442743,0.269934,0.287323,0.442743,*WRONG*
HUMEcnkvhJU,1992,?,n,0.435891,0.283514,0.280595,0.435891,*WRONG*
HUMEcnkvhJU,1998,?,n,0.453792,0.280473,0.265734,0.453792,*WRONG*
HUMEcnkvhJU,2004,?,n,0.512421,0.266146,0.221432,0.512421,*WRONG*
HUMEcnkvhJU,2010,?,n,0.467681,0.279032,0.253288,0.467681,*WRONG*
HUMEcnkvhJU,2016,?,n,0.448926,0.286375,0.264699,0.448926,*WRONG*
HUMEcnkvhJU,2022,?,n,0.439463,0.286384,0.274153,0.439463,*WRONG*
HUMEcnkvhJU,2028,?,n,0.458839,0.265655,0.275506,0.458839,*WRONG*
HUMEcnkvhJU,2034,?,n,0.478144,0.242615,0.279241,0.478144,*WRONG*
HUMEcnkvhJU,2040,?,n,0.463572,0.247002,0.289426,0.463572,*WRONG*
HUMEcnkvhJU,2046,?,n,0.454142,0.223632,0.322225,0.454142,*WRONG*
HUMEcnkvhJU,2052,?,n,0.476256,0.199760,0.323984,0.476256,*WRONG*
HUMEcnkvhJU,2058,?,n,0.438083,0.219511,0.342407,0.438083,*WRONG*
HUMEcnkvhJU,2064,?,n,0.450263,0.220015,0.329722,0.450263,*WRONG*
HUMEcnkvhJU,2070,?,n,0.435443,0.187149,0.377407,0.435443,*WRONG*
HUMEcnkvhJU,2076,?,n,0.488246,0.180495,0.331259,0.488246,*WRONG*
HUMEcnkvhJU,2082,?,n,0.492198,0.172061,0.335741,0.492198,*WRONG*
HUMEcnkvhJU,2088,?,n,0.486205,0.180703,0.333092,0.486205,*WRONG*
HUMEcnkvhJU,2094,?,n,0.473443,0.184457,0.342100,0.473443,*WRONG*
HUMEcnkvhJU,2100,?,n,0.512105,0.186446,0.301449,0.512105,*WRONG*
HUMEcnkvhJU,2106,?,n,0.516630,0.184366,0.299005,0.516630,*WRONG*
HUMEcnkvhJU,2112,?,n,0.535397,0.193654,0.270949,0.535397,*WRONG*
HUMEcnkvhJU,2118,?,n,0.499454,0.181099,0.319448,0.499454,*WRONG*
HUMEcnkvhJU,2124,?,n,0.494720,0.202721,0.302559,0.494720,*WRONG*
HUMEcnkvhJU,2130,?,n,0.489113,0.218920,0.291967,0.489113,*WRONG*
HUMEcnkvhJU,2136,?,n,0.481354,0.216036,0.302610,0.481354,*WRONG*
HUMEcnkvhJU,2142,?,n,0.485327,0.201912,0.312761,0.485327,*WRONG*
HUMEcnkvhJU,2148,?,n,0.488954,0.199426,0.311621,0.488954,*WRONG*
HUMEcnkvhJU,2154,?,n,0.502664,0.198917,0.298419,0.502664,*WRONG*
HUMEcnkvhJU,2160,?,n,0.502778,0.185108,0.312114,0.502778,*WRONG*
HUMEcnkvhJU,2166,?,n,0.487485,0.187095,0.325419,0.487485,*WRONG*
HUMEcnkvhJU,2172,?,n,0.478249,0.190830,0.330921,0.478249,*WRONG*
HUMEcnkvhJU,2178,?,n,0.477627,0.195108,0.327265,0.477627,*WRONG*
HUMEcnkvhJU,2184,?,n,0.464458,0.195645,0.339897,0.464458,*WRONG*
HUMEcnkvhJU,2190,?,n,0.462674,0.190976,0.346350,0.462674,*WRONG*
HUMEcnkvhJU,2196,?,n,0.462487,0.180524,0.356989,0.462487,*WRONG*
HUMEcnkvhJU,2202,?,n,0.484996,0.153179,0.361825,0.484996,*WRONG*
HUMEcnkvhJU,2208,?,n,0.493810,0.149528,0.356662,0.493810,*WRONG*
HUMEcnkvhJU,2214,?,n,0.509453,0.138980,0.351567,0.509453,*WRONG*
HUMEcnkvhJU,2220,?,n,0.493450,0.145335,0.361216,0.493450,*WRONG*
HUMEcnkvhJU,2226,?,n,0.494819,0.145542,0.359638,0.494819,*WRONG*
HUMEcnkvhJU,2232,?,n,0.474462,0.158262,0.367275,0.474462,*WRONG*
HUMEcnkvhJU,2238,?,n,0.511142,0.166794,0.322064,0.511142,*WRONG*
HUMEcnkvhJU,2244,?,n,0.491838,0.193674,0.314487,0.491838,*WRONG*
HUMEcnkvhJU,2250,?,n,0.500631,0.156034,0.343335,0.500631,*WRONG*
HUMEcnkvhJU,2256,?,n,0.532832,0.153495,0.313674,0.532832,*WRONG*
HUMEcnkvhJU,2262,?,n,0.523623,0.158322,0.318055,0.523623,*WRONG*
HUMEcnkvhJU,2268,?,n,0.525447,0.153808,0.320745,0.525447,*WRONG*
HUMEcnkvhJU,2274,?,n,0.529660,0.155416,0.314924,0.529660,*WRONG*
HUMEcnkvhJU,2280,?,n,0.533160,0.160924,0.305916,0.533160,*WRONG*
HUMEcnkvhJU,2286,?,n,0.506252,0.174687,0.319061,0.506252,*WRONG*
HUMEcnkvhJU,2292,?,n,0.542898,0.157394,0.299707,0.542898,*WRONG*
HUMEcnkvhJU,2298,?,n,0.553909,0.156721,0.289370,0.553909,*WRONG*
HUMEcnkvhJU,2304,?,n,0.568852,0.156713,0.274435,0.568852,*WRONG*
HUMEcnkvhJU,2310,?,n,0.568568,0.146777,0.284655,0.568568,*WRONG*
HUMEcnkvhJU,2316,?,n,0.578704,0.155455,0.265841,0.578704,*WRONG*
HUMEcnkvhJU,2322,?,n,0.558743,0.147278,0.293978,0.558743,*WRONG*
HUMEcnkvhJU,2328,?,n,0.550542,0.146259,0.303199,0.550542,*WRONG*
HUMEcnkvhJU,2334,?,n,0.486068,0.182595,0.331337,0.486068,*WRONG*
HUMEcnkvhJU,2340,?,n,0.485462,0.187155,0.327382,0.485462,*WRONG*
HUMEcnkvhJU,2346,?,n,0.489913,0.186136,0.323951,0.489913,*WRONG*
HUMEcnkvhJU,2352,?,n,0.465171,0.216776,0.318053,0.465171,*WRONG*
HUMEcnkvhJU,2358,?,n,0.424717,0.218821,0.356461,0.424717,*WRONG*
HUMEcnkvhJU,2364,?,S,0.390641,0.227474,0.390641,0.381884,*WRONG*
HUMEcnkvhJU,2370,?,n,0.413812,0.241935,0.344253,0.413812,*WRONG*
HUMEcnkvhJU,2376,?,n,0.433754,0.239044,0.327201,0.433754,*WRONG*
HUMEcnkvhJU,2382,?,n,0.442910,0.224072,0.333018,0.442910,*WRONG*
HUMEcnkvhJU,2388,?,n,0.472600,0.210276,0.317124,0.472600,*WRONG*
HUMEcnkvhJU,2394,?,n,0.440962,0.241423,0.317615,0.440962,*WRONG*
HUMEcnkvhJU,2400,?,n,0.421723,0.263699,0.314578,0.421723,*WRONG*
HUMEcnkvhJU,2406,?,n,0.415682,0.260212,0.324106,0.415682,*WRONG*
HUMEcnkvhJU,2412,?,n,0.413822,0.282651,0.303527,0.413822,*WRONG*
HUMEcnkvhJU,2418,?,n,0.410978,0.301417,0.287605,0.410978,*WRONG*
HUMEcnkvhJU,2424,?,n,0.390258,0.300906,0.308836,0.390258,*WRONG*
HUMEcnkvhJU,2430,?,n,0.377462,0.316961,0.305578,0.377462,*WRONG*
HUMEcnkvhJU,2436,?,n,0.386128,0.301987,0.311885,0.386128,*WRONG*
HUMEcnkvhJU,2442,?,n,0.385410,0.303838,0.310753,0.385410,*WRONG*
HUMEcnkvhJU,2448,?,n,0.383679,0.308480,0.307841,0.383679,*WRONG*
HUMEcnkvhJU,2454,?,n,0.376531,0.322541,0.300928,0.376531,*WRONG*
HUMEcnkvhJU,2460,?,n,0.360498,0.318340,0.321162,0.360498,*WRONG*
HUMEcnkvhJU,2466,?,n,0.341866,0.338137,0.319996,0.341866,*WRONG*
HUMEcnkvhJU,2472,?,n,0.380180,0.339524,0.280297,0.380180,*WRONG*
HUMEcnkvhJU,2478,?,n,0.407346,0.308746,0.283908,0.407346,*WRONG*
HUMEcnkvhJU,2484,?,n,0.409700,0.314767,0.275534,0.409700,*WRONG*
HUMEcnkvhJU,2490,?,n,0.433338,0.291144,0.275518,0.433338,*WRONG*
HUMEcnkvhJU,2496,?,n,0.375194,0.285999,0.338807,0.375194,*WRONG*
HUMEcnkvhJU,2502,?,n,0.388313,0.274474,0.337213,0.388313,*WRONG*
HUMEcnkvhJU,2508,?,n,0.418186,0.238400,0.343414,0.418186,*WRONG*
HUMEcnkvhJU,2514,?,n,0.436999,0.216372,0.346630,0.436999,*WRONG*
HUMEcnkvhJU,2520,?,n,0.439638,0.240105,0.320257,0.439638,*WRONG*
HUMEcnkvhJU,2526,?,n,0.512441,0.186438,0.301121,0.512441,*WRONG*
HUMEcnkvhJU,2532,?,n,0.567747,0.171185,0.261068,0.567747,*WRONG*
HUMEcnkvhJU,2538,?,n,0.562290,0.188465,0.249245,0.562290,*WRONG*
HUMEcnkvhJU,2544,?,n,0.500868,0.241370,0.257762,0.500868,*WRONG*
HUMEcnkvhJU,2550,?,n,0.468475,0.265969,0.265556,0.468475,*WRONG*
HUMEcnkvhJU,2556,?,n,0.528605,0.240185,0.231210,0.528605,*WRONG*
HUMEcnkvhJU,2562,?,n,0.567706,0.210649,0.221645,0.567706,*WRONG*
HUMEcnkvhJU,2568,?,n,0.508998,0.255178,0.235824,0.508998,*WRONG*
HUMEcnkvhJU,2574,?,n,0.512188,0.263950,0.223862,0.512188,*WRONG*
HUMEcnkvhJU,2580,?,n,0.462892,0.293645,0.243463,0.462892,*WRONG*
HUMEcnkvhJU,2586,?,n,0.469717,0.273504,0.256778,0.469717,*WRONG*
HUMEcnkvhJU,2592,?,n,0.452583,0.256639,0.290778,0.452583,*WRONG*
HUMEcnkvhJU,2598,?,n,0.450437,0.225016,0.324547,0.450437,*WRONG*
HUMEcnkvhJU,2604,?,n,0.441641,0.207286,0.351073,0.441641,*WRONG*
HUMEcnkvhJU,2610,?,n,0.450068,0.201765,0.348167,0.450068,*WRONG*
HUMEcnkvhJU,2616,?,n,0.473048,0.194936,0.332015,0.473048,*WRONG*
HUMEcnkvhJU,2622,?,n,0.464252,0.180752,0.354996,0.464252,*WRONG*
HUMEcnkvhJU,2628,?,n,0.446033,0.207754,0.346213,0.446033,*WRONG*
HUMEcnkvhJU,2634,?,n,0.440538,0.232485,0.326977,0.440538,*WRONG*
HUMEcnkvhJU,2640,?,n,0.471889,0.200372,0.327739,0.471889,*WRONG*
HUMEcnkvhJU,2646,?,n,0.511860,0.170905,0.317234,0.511860,*WRONG*
HUMEcnkvhJU,2652,?,n,0.496193,0.161889,0.341918,0.496193,*WRONG*
HUMEcnkvhJU,2658,?,n,0.477177,0.162581,0.360241,0.477177,*WRONG*
HUMEcnkvhJU,2664,?,n,0.481455,0.172609,0.345935,0.481455,*WRONG*
HUMEcnkvhJU,2670,?,n,0.482374,0.188987,0.328639,0.482374,*WRONG*
HUMEcnkvhJU,2676,?,n,0.493493,0.189316,0.317191,0.493493,*WRONG*
HUMEcnkvhJU,2682,?,n,0.471703,0.240174,0.288123,0.471703,*WRONG*
HUMEcnkvhJU,2688,?,n,0.496885,0.177507,0.325608,0.496885,*WRONG*
HUMEcnkvhJU,2694,?,n,0.421585,0.232344,0.346071,0.421585,*WRONG*
HUMEcnkvhJU,2700,?,S,0.379907,0.263814,0.379907,0.356279,*WRONG*
HUMEcnkvhJU,2706,?,S,0.373285,0.274138,0.373285,0.352577,*WRONG*
HUMEcnkvhJU,2712,?,S,0.399183,0.231883,0.399183,0.368933,*WRONG*
HUMEcnkvhJU,2718,?,S,0.390921,0.222694,0.390921,0.386385,*WRONG*
HUMEcnkvhJU,2724,?,S,0.435606,0.178515,0.435606,0.385879,*WRONG*
HUMEcnkvhJU,2730,?,S,0.401887,0.221678,0.401887,0.376435,*WRONG*
HUMEcnkvhJU,2736,?,S,0.401513,0.199147,0.401513,0.399340,*WRONG*
HUMEcnkvhJU,2742,?,S,0.386930,0.237858,0.386930,0.375212,*WRONG*
HUMEcnkvhJU,2748,?,n,0.408523,0.227597,0.363880,0.408523,*WRONG*
HUMEcnkvhJU,2754,?,n,0.436831,0.198175,0.364995,0.436831,*WRONG*
HUMEcnkvhJU,2760,?,n,0.439145,0.190527,0.370328,0.439145,*WRONG*
HUMEcnkvhJU,2766,?,n,0.410005,0.222069,0.367925,0.410005,*WRONG*
HUMEcnkvhJU,2772,?,n,0.411933,0.178842,0.409225,0.411933,*WRONG*
HUMEcnkvhJU,2778,?,n,0.434540,0.155389,0.410071,0.434540,*WRONG*
HUMEcnkvhJU,2784,?,n,0.451587,0.161602,0.386811,0.451587,*WRONG*
HUMEcnkvhJU,2790,?,n,0.435566,0.167443,0.396991,0.435566,*WRONG*
HUMEcnkvhJU,2796,?,n,0.446317,0.187139,0.366544,0.446317,*WRONG*
HUMEcnkvhJU,2802,?,n,0.461859,0.189306,0.348835,0.461859,*WRONG*
HUMEcnkvhJU,2808,?,n,0.431992,0.200917,0.367091,0.431992,*WRONG*
HUMEcnkvhJU,2814,?,n,0.415884,0.225841,0.358276,0.415884,*WRONG*
HUMEcnkvhJU,2820,?,n,0.400439,0.228074,0.371487,0.400439,*WRONG*
HUMEcnkvhJU,2826,?,n,0.456416,0.192978,0.350607,0.456416,*WRONG*
HUMEcnkvhJU,2832,?,n,0.450235,0.187426,0.362339,0.450235,*WRONG*
HUMEcnkvhJU,2838,?,n,0.432376,0.171740,0.395885,0.432376,*WRONG*
HUMEcnkvhJU,2844,?,n,0.427265,0.178024,0.394711,0.427265,*WRONG*
HUMEcnkvhJU,2850,?,n,0.439211,0.165480,0.395309,0.439211,*WRONG*
HUMEcnkvhJU,2856,?,n,0.436216,0.161615,0.402169,0.436216,*WRONG*
HUMEcnkvhJU,2862,?,n,0.430643,0.178130,0.391227,0.430643,*WRONG*
HUMEcnkvhJU,2868,?,n,0.442498,0.177764,0.379738,0.442498,*WRONG*
HUMEcnkvhJU,2874,?,n,0.457494,0.169576,0.372930,0.457494,*WRONG*
HUMEcnkvhJU,2880,?,n,0.454576,0.173427,0.371997,0.454576,*WRONG*
HUMEcnkvhJU,2886,?,n,0.458301,0.167667,0.374032,0.458301,*WRONG*
HUMEcnkvhJU,2892,?,n,0.459965,0.165378,0.374658,0.459965,*WRONG*
HUMEcnkvhJU,2898,?,n,0.462400,0.146934,0.390666,0.462400,*WRONG*
HUMEcnkvhJU,2904,?,n,0.444297,0.140109,0.415594,0.444297,*WRONG*
HUMEcnkvhJU,2910,?,n,0.490748,0.142458,0.366794,0.490748,*WRONG*
HUMEcnkvhJU,2916,?,n,0.492716,0.132045,0.375240,0.492716,*WRONG*
HUMEcnkvhJU,2922,?,n,0.506605,0.132178,0.361217,0.506605,*WRONG*
HUMEcnkvhJU,2928,?,n,0.487011,0.138892,0.374097,0.487011,*WRONG*
HUMEcnkvhJU,2934,?,n,0.490186,0.126409,0.383405,0.490186,*WRONG*
HUMEcnkvhJU,2940,?,n,0.474744,0.152111,0.373144,0.474744,*WRONG*
HUMEcnkvhJU,2946,?,n,0.469665,0.165723,0.364612,0.469665,*WRONG*
HUMEcnkvhJU,2952,?,n,0.462288,0.162981,0.374731,0.462288,*WRONG*
HUMEcnkvhJU,2958,?,n,0.500104,0.146662,0.353234,0.500104,*WRONG*
HUMEcnkvhJU,2964,?,n,0.503152,0.136607,0.360241,0.503152,*WRONG*
HUMEcnkvhJU,2970,?,n,0.494702,0.145361,0.359937,0.494702,*WRONG*
HUMEcnkvhJU,2976,?,n,0.497701,0.128595,0.373704,0.497701,*WRONG*
HUMEcnkvhJU,2982,?,n,0.499326,0.126865,0.373809,0.499326,*WRONG*
HUMEcnkvhJU,2988,?,n,0.499942,0.128524,0.371534,0.499942,*WRONG*
HUMEcnkvhJU,2994,?,n,0.471125,0.131963,0.396912,0.471125,*WRONG*
HUMEcnkvhJU,3000,?,n,0.436002,0.171255,0.392743,0.436002,*WRONG*
HUMEcnkvhJU,3006,?,n,0.460216,0.202928,0.336856,0.460216,*WRONG*
HUMEcnkvhJU,3012,?,n,0.460161,0.209805,0.330034,0.460161,*WRONG*
HUMEcnkvhJU,3018,?,n,0.466148,0.221296,0.312556,0.466148,*WRONG*
HUMEcnkvhJU,3024,?,n,0.480615,0.202407,0.316978,0.480615,*WRONG*
HUMEcnkvhJU,3030,?,n,0.493148,0.195953,0.310899,0.493148,*WRONG*
HUMEcnkvhJU,3036,?,n,0.493397,0.190140,0.316463,0.493397,*WRONG*
HUMEcnkvhJU,3042,?,n,0.472305,0.191000,0.336695,0.472305,*WRONG*
HUMEcnkvhJU,3048,?,n,0.481165,0.178301,0.340534,0.481165,*WRONG*
HUMEcnkvhJU,3054,?,n,0.457038,0.200658,0.342303,0.457038,*WRONG*
HUMEcnkvhJU,3060,?,n,0.455128,0.208900,0.335972,0.455128,*WRONG*
HUMEcnkvhJU,3066,?,n,0.437844,0.204245,0.357911,0.437844,*WRONG*
HUMEcnkvhJU,3072,?,n,0.454098,0.184411,0.361491,0.454098,*WRONG*
HUMEcnkvhJU,3078,?,n,0.469442,0.176032,0.354526,0.469442,*WRONG*
HUMEcnkvhJU,3084,?,n,0.476934,0.182323,0.340743,0.476934,*WRONG*
HUMEcnkvhJU,3090,?,n,0.508621,0.169734,0.321645,0.508621,*WRONG*
HUMEcnkvhJU,3096,?,n,0.521364,0.172072,0.306564,0.521364,*WRONG*
HUMEcnkvhJU,3102,?,n,0.507070,0.196942,0.295989,0.507070,*WRONG*
HUMEcnkvhJU,3108,?,n,0.520167,0.197956,0.281877,0.520167,*WRONG*
HUMEcnkvhJU,3114,?,n,0.538591,0.203360,0.258049,0.538591,*WRONG*
HUMEcnkvhJU,3120,?,n,0.570205,0.189914,0.239881,0.570205,*WRONG*
HUMEcnkvhJU,3126,?,n,0.523615,0.211676,0.264709,0.523615,*WRONG*
HUMEcnkvhJU,3132,?,n,0.500953,0.198246,0.300800,0.500953,*WRONG*
HUMEcnkvhJU,3138,?,n,0.560648,0.162717,0.276636,0.560648,*WRONG*
HUMEcnkvhJU,3144,?,n,0.557507,0.182373,0.260119,0.557507,*WRONG*
HUMEcnkvhJU,3150,?,n,0.544503,0.191576,0.263921,0.544503,*WRONG*
HUMEcnkvhJU,3156,?,n,0.545905,0.189430,0.264665,0.545905,*WRONG*
HUMEcnkvhJU,3162,?,n,0.552772,0.161928,0.285301,0.552772,*WRONG*
HUMEcnkvhJU,3168,?,n,0.544113,0.161137,0.294750,0.544113,*WRONG*
HUMEcnkvhJU,3174,?,n,0.523811,0.161254,0.314935,0.523811,*WRONG*
HUMEcnkvhJU,3180,?,n,0.487734,0.180039,0.332227,0.487734,*WRONG*
HUMEcnkvhJU,3186,?,n,0.480960,0.192125,0.326915,0.480960,*WRONG*
HUMEcnkvhJU,3192,?,n,0.512164,0.167082,0.320754,0.512164,*WRONG*
HUMEcnkvhJU,3198,?,n,0.516850,0.151897,0.331253,0.516850,*WRONG*
HUMEcnkvhJU,3204,?,n,0.532477,0.160744,0.306779,0.532477,*WRONG*
HUMEcnkvhJU,3210,?,n,0.537024,0.166953,0.296023,0.537024,*WRONG*
HUMEcnkvhJU,3216,?,n,0.527608,0.168124,0.304268,0.527608,*WRONG*
HUMEcnkvhJU,3222,?,n,0.505150,0.180946,0.313903,0.505150,*WRONG*
HUMEcnkvhJU,3228,?,n,0.527519,0.188100,0.284381,0.527519,*WRONG*
HUMEcnkvhJU,3234,?,n,0.524518,0.179756,0.295725,0.524518,*WRONG*
HUMEcnkvhJU,3240,?,n,0.544622,0.167196,0.288182,0.544622,*WRONG*
HUMEcnkvhJU,3246,?,n,0.570619,0.163942,0.265439,0.570619,*WRONG*
HUMEcnkvhJU,3252,?,n,0.543465,0.181985,0.274550,0.543465,*WRONG*
HUMEcnkvhJU,3258,?,n,0.551575,0.158547,0.289878,0.551575,*WRONG*
HUMEcnkvhJU,3264,?,n,0.560611,0.153857,0.285531,0.560611,*WRONG*
HUMEcnkvhJU,3270,?,n,0.556224,0.151574,0.292202,0.556224,*WRONG*
HUMEcnkvhJU,3276,?,n,0.534773,0.154699,0.310528,0.534773,*WRONG*
HUMEcnkvhJU,3282,?,n,0.525500,0.144158,0.330342,0.525500,*WRONG*
HUMEcnkvhJU,3288,?,n,0.506775,0.146288,0.346936,0.506775,*WRONG*
HUMEcnkvhJU,3294,?,n,0.531377,0.152255,0.316368,0.531377,*WRONG*
HUMEcnkvhJU,3300,?,n,0.560551,0.115995,0.323454,0.560551,*WRONG*
HUMEcnkvhJU,3306,?,n,0.586793,0.112849,0.300359,0.586793,*WRONG*
HUMEcnkvhJU,3312,?,n,0.559562,0.145448,0.294990,0.559562,*WRONG*
HUMEcnkvhJU,3318,?,n,0.558345,0.146320,0.295335,0.558345,*WRONG*
HUMEcnkvhJU,3324,?,n,0.551771,0.154758,0.293470,0.551771,*WRONG*
HUMEcnkvhJU,3330,?,n,0.549176,0.126290,0.324534,0.549176,*WRONG*
HUMEcnkvhJU,3336,?,n,0.521365,0.130876,0.347758,0.521365,*WRONG*
HUMEcnkvhJU,3342,?,n,0.491625,0.133809,0.374566,0.491625,*WRONG*
HUMEcnkvhJU,3348,?,n,0.477294,0.135231,0.387475,0.477294,*WRONG*
HUMEcnkvhJU,3354,?,n,0.501451,0.140317,0.358232,0.501451,*WRONG*
HUMEcnkvhJU,3360,?,n,0.496420,0.127933,0.375648,0.496420,*WRONG*
HUMEcnkvhJU,3366,?,n,0.532341,0.130483,0.337176,0.532341,*WRONG*
HUMEcnkvhJU,3372,?,n,0.556267,0.113542,0.330192,0.556267,*WRONG*
HUMEcnkvhJU,3378,?,n,0.561982,0.097026,0.340992,0.561982,*WRONG*
HUMEcnkvhJU,3384,?,n,0.497239,0.116451,0.386310,0.497239,*WRONG*
HUMEcnkvhJU,3390,?,n,0.482791,0.123397,0.393811,0.482791,*WRONG*
HUMEcnkvhJU,3396,?,n,0.472566,0.138779,0.388655,0.472566,*WRONG*
HUMEcnkvhJU,3402,?,n,0.478200,0.123602,0.398198,0.478200,*WRONG*
HUMEcnkvhJU,3408,?,n,0.495340,0.124675,0.379985,0.495340,*WRONG*
HUMEcnkvhJU,3414,?,n,0.553215,0.135924,0.310861,0.553215,*WRONG*
HUMEcnkvhJU,3420,?,n,0.601241,0.128173,0.270586,0.601241,*WRONG*
HUMEcnkvhJU,3426,?,n,0.590110,0.137030,0.272861,0.590110,*WRONG*
HUMEcnkvhJU,3432,?,n,0.569505,0.130849,0.299646,0.569505,*WRONG*
HUMEcnkvhJU,3438,?,n,0.557187,0.135654,0.307159,0.557187,*WRONG*
HUMEcnkvhJU,3444,?,n,0.518760,0.170959,0.310281,0.518760,*WRONG*
HUMEcnkvhJU,3450,?,n,0.519066,0.175961,0.304973,0.519066,*WRONG*
HUMEcnkvhJU,3456,?,n,0.523887,0.176987,0.299127,0.523887,*WRONG*
HUMEcnkvhJU,3462,?,n,0.516544,0.188897,0.294558,0.516544,*WRONG*
HUMEcnkvhJU,3468,?,n,0.476712,0.201525,0.321762,0.476712,*WRONG*
HUMEcnkvhJU,3474,?,n,0.461505,0.228758,0.309737,0.461505,*WRONG*
HUMEcnkvhJU,3480,?,n,0.472497,0.220145,0.307357,0.472497,*WRONG*
HUMEcnkvhJU,3486,?,n,0.475019,0.212090,0.312891,0.475019,*WRONG*
HUMEcnkvhJU,3492,?,n,0.443445,0.200460,0.356095,0.443445,*WRONG*
HUMEcnkvhJU,3498,?,n,0.489227,0.184150,0.326623,0.489227,*WRONG*
HUMEcnkvhJU,3504,?,n,0.516275,0.197569,0.286155,0.516275,*WRONG*
HUMEcnkvhJU,3510,?,n,0.500520,0.227473,0.272007,0.500520,*WRONG*
HUMEcnkvhJU,3516,?,n,0.489638,0.259489,0.250873,0.489638,*WRONG*
HUMEcnkvhJU,3522,?,n,0.481110,0.260337,0.258552,0.481110,*WRONG*
HUMEcnkvhJU,3528,?,n,0.474474,0.272945,0.252581,0.474474,*WRONG*
HUMEcnkvhJU,3534,?,n,0.478065,0.268805,0.253130,0.478065,*WRONG*
HUMEcnkvhJU,3540,?,n,0.472855,0.225608,0.301537,0.472855,*WRONG*
HUMEcnkvhJU,3546,?,n,0.493607,0.189757,0.316637,0.493607,*WRONG*
HUMEcnkvhJU,3552,?,n,0.486293,0.183173,0.330534,0.486293,*WRONG*
HUMEcnkvhJU,3558,?,n,0.429981,0.185788,0.384230,0.429981,*WRONG*
HUMEcnkvhJU,3564,?,n,0.497933,0.160136,0.341931,0.497933,*WRONG*
HUMEcnkvhJU,3570,?,n,0.504786,0.166253,0.328961,0.504786,*WRONG*
HUMEcnkvhJU,3576,?,n,0.493939,0.181525,0.324536,0.493939,*WRONG*
HUMEcnkvhJU,3582,?,n,0.508010,0.172769,0.319221,0.508010,*WRONG*
HUMEcnkvhJU,3588,?,n,0.532590,0.151970,0.315440,0.532590,*WRONG*
HUMEcnkvhJU,3594,?,n,0.526244,0.149069,0.324687,0.526244,*WRONG*
HUMEcnkvhJU,3600,?,n,0.492717,0.173607,0.333676,0.492717,*WRONG*
HUMEcnkvhJU,3606,?,n,0.492108,0.164595,0.343296,0.492108,*WRONG*
HUMEcnkvhJU,3612,?,n,0.520320,0.154581,0.325098,0.520320,*WRONG*
HUMEcnkvhJU,3618,?,n,0.540777,0.163972,0.295251,0.540777,*WRONG*
HUMEcnkvhJU,3624,?,n,0.554114,0.169151,0.276734,0.554114,*WRONG*
HUMEcnkvhJU,3630,?,n,0.546885,0.161185,0.291930,0.546885,*WRONG*
HUMEcnkvhJU,3636,?,n,0.498695,0.169690,0.331615,0.498695,*WRONG*
HUMEcnkvhJU,3642,?,n,0.505723,0.193682,0.300594,0.505723,*WRONG*
HUMEcnkvhJU,3648,?,n,0.521477,0.189771,0.288751,0.521477,*WRONG*
HUMEcnkvhJU,3654,?,n,0.479222,0.184838,0.335941,0.479222,*WRONG*
HUMEcnkvhJU,3660,?,n,0.465207,0.194361,0.340432,0.465207,*WRONG*
HUMEcnkvhJU,3666,?,n,0.483923,0.205058,0.311019,0.483923,*WRONG*
HUMEcnkvhJU,3672,?,n,0.486134,0.192784,0.321082,0.486134,*WRONG*
HUMEcnkvhJU,3678,?,n,0.493578,0.166897,0.339525,0.493578,*WRONG*
HUMEcnkvhJU,3684,?,n,0.487962,0.170030,0.342008,0.487962,*WRONG*
HUMEcnkvhJU,3690,?,n,0.470915,0.193924,0.335161,0.470915,*WRONG*
