video_id,frame_number,groundtruth_label,predicted_label,predicted_label_probability,probability_P,probability_S,probability_n,mismatch_flag
HUMEcnkvhJU,0,?,n,0.381361,0.259461,0.359178,0.381361,*WRONG*
HUMEcnkvhJU,6,?,n,0.410241,0.236731,0.353028,0.410241,*WRONG*
HUMEcnkvhJU,12,?,n,0.410849,0.227697,0.361454,0.410849,*WRONG*
HUMEcnkvhJU,18,?,n,0.410257,0.221594,0.368149,0.410257,*WRONG*
HUMEcnkvhJU,24,?,n,0.417671,0.213973,0.368356,0.417671,*WRONG*
HUMEcnkvhJU,30,?,n,0.636115,0.160908,0.202977,0.636115,*WRONG*
HUMEcnkvhJU,36,?,n,0.688902,0.160526,0.150573,0.688902,*WRONG*
HUMEcnkvhJU,42,?,n,0.672193,0.188681,0.139126,0.672193,*WRONG*
HUMEcnkvhJU,48,?,n,0.652069,0.214885,0.133046,0.652069,*WRONG*
HUMEcnkvhJU,54,?,n,0.637800,0.235400,0.126799,0.637800,*WRONG*
HUMEcnkvhJU,60,?,n,0.626515,0.252135,0.121350,0.626515,*WRONG*
HUMEcnkvhJU,66,?,n,0.608691,0.282685,0.108624,0.608691,*WRONG*
HUMEcnkvhJU,72,?,n,0.625225,0.273484,0.101291,0.625225,*WRONG*
HUMEcnkvhJU,78,?,n,0.586871,0.307033,0.106096,0.586871,*WRONG*
HUMEcnkvhJU,84,?,n,0.584034,0.313648,0.102318,0.584034,*WRONG*
HUMEcnkvhJU,90,?,n,0.584048,0.314965,0.100988,0.584048,*WRONG*
HUMEcnkvhJU,96,?,n,0.584175,0.315951,0.099874,0.584175,*WRONG*
HUMEcnkvhJU,102,?,n,0.513785,0.315865,0.170350,0.513785,*WRONG*
HUMEcnkvhJU,108,?,n,0.521994,0.291787,0.186219,0.521994,*WRONG*
HUMEcnkvhJU,114,?,n,0.438885,0.361106,0.200008,0.438885,*WRONG*
HUMEcnkvhJU,120,?,n,0.440578,0.378312,0.181110,0.440578,*WRONG*
HUMEcnkvhJU,126,?,n,0.483165,0.303947,0.212889,0.483165,*WRONG*
HUMEcnkvhJU,132,?,n,0.480217,0.276830,0.242953,0.480217,*WRONG*
HUMEcnkvhJU,138,?,P,0.367602,0.367602,0.265750,0.366648,*WRONG*
HUMEcnkvhJU,144,?,P,0.364009,0.364009,0.317048,0.318943,*WRONG*
HUMEcnkvhJU,150,?,P,0.406948,0.406948,0.324969,0.268083,*WRONG*
HUMEcnkvhJU,156,?,P,0.423212,0.423212,0.296921,0.279868,*WRONG*
HUMEcnkvhJU,162,?,P,0.384389,0.384389,0.318588,0.297023,*WRONG*
HUMEcnkvhJU,168,?,P,0.490227,0.490227,0.212128,0.297645,*WRONG*
HUMEcnkvhJU,174,?,P,0.391453,0.391453,0.260853,0.347693,*WRONG*
HUMEcnkvhJU,180,?,n,0.455769,0.318280,0.225951,0.455769,*WRONG*
HUMEcnkvhJU,186,?,n,0.453039,0.354312,0.192649,0.453039,*WRONG*
HUMEcnkvhJU,192,?,n,0.435348,0.320608,0.244044,0.435348,*WRONG*
HUMEcnkvhJU,198,?,n,0.439741,0.311758,0.248501,0.439741,*WRONG*
HUMEcnkvhJU,204,?,n,0.341377,0.333569,0.325053,0.341377,*WRONG*
HUMEcnkvhJU,210,?,S,0.378443,0.295161,0.378443,0.326396,*WRONG*
HUMEcnkvhJU,216,?,S,0.393640,0.277972,0.393640,0.328388,*WRONG*
HUMEcnkvhJU,222,?,P,0.380845,0.380845,0.323889,0.295266,*WRONG*
HUMEcnkvhJU,228,?,P,0.367206,0.367206,0.318339,0.314455,*WRONG*
HUMEcnkvhJU,234,?,n,0.349555,0.347615,0.302830,0.349555,*WRONG*
HUMEcnkvhJU,240,?,P,0.368124,0.368124,0.289559,0.342317,*WRONG*
HUMEcnkvhJU,246,?,n,0.430461,0.324707,0.244831,0.430461,*WRONG*
HUMEcnkvhJU,252,?,n,0.449862,0.325687,0.224451,0.449862,*WRONG*
HUMEcnkvhJU,258,?,n,0.522179,0.280387,0.197433,0.522179,*WRONG*
HUMEcnkvhJU,264,?,n,0.559517,0.272448,0.168036,0.559517,*WRONG*
HUMEcnkvhJU,270,?,n,0.560488,0.286082,0.153430,0.560488,*WRONG*
HUMEcnkvhJU,276,?,n,0.565441,0.276672,0.157887,0.565441,*WRONG*
HUMEcnkvhJU,282,?,n,0.541932,0.303078,0.154990,0.541932,*WRONG*
HUMEcnkvhJU,288,?,n,0.499163,0.312332,0.188505,0.499163,*WRONG*
HUMEcnkvhJU,294,?,n,0.506986,0.295354,0.197660,0.506986,*WRONG*
HUMEcnkvhJU,300,?,n,0.510918,0.305226,0.183856,0.510918,*WRONG*
HUMEcnkvhJU,306,?,n,0.513169,0.294279,0.192553,0.513169,*WRONG*
HUMEcnkvhJU,312,?,n,0.505647,0.307485,0.186867,0.505647,*WRONG*
HUMEcnkvhJU,318,?,n,0.491948,0.319053,0.188999,0.491948,*WRONG*
HUMEcnkvhJU,324,?,n,0.484450,0.297586,0.217965,0.484450,*WRONG*
HUMEcnkvhJU,330,?,n,0.461387,0.320312,0.218301,0.461387,*WRONG*
HUMEcnkvhJU,336,?,n,0.477781,0.295088,0.227130,0.477781,*WRONG*
HUMEcnkvhJU,342,?,n,0.486918,0.291167,0.221915,0.486918,*WRONG*
HUMEcnkvhJU,348,?,n,0.452514,0.311779,0.235707,0.452514,*WRONG*
HUMEcnkvhJU,354,?,n,0.455260,0.310752,0.233989,0.455260,*WRONG*
HUMEcnkvhJU,360,?,n,0.432550,0.318542,0.248908,0.432550,*WRONG*
HUMEcnkvhJU,366,?,n,0.433236,0.302142,0.264623,0.433236,*WRONG*
HUMEcnkvhJU,372,?,n,0.436938,0.276495,0.286568,0.436938,*WRONG*
HUMEcnkvhJU,378,?,n,0.429958,0.286520,0.283522,0.429958,*WRONG*
HUMEcnkvhJU,384,?,n,0.406096,0.283711,0.310193,0.406096,*WRONG*
HUMEcnkvhJU,390,?,n,0.421776,0.261158,0.317066,0.421776,*WRONG*
HUMEcnkvhJU,396,?,n,0.409017,0.260014,0.330969,0.409017,*WRONG*
HUMEcnkvhJU,402,?,n,0.443245,0.261277,0.295478,0.443245,*WRONG*
HUMEcnkvhJU,408,?,n,0.445454,0.271902,0.282645,0.445454,*WRONG*
HUMEcnkvhJU,414,?,n,0.434049,0.283981,0.281970,0.434049,*WRONG*
HUMEcnkvhJU,420,?,n,0.418123,0.296437,0.285439,0.418123,*WRONG*
HUMEcnkvhJU,426,?,n,0.424689,0.304080,0.271231,0.424689,*WRONG*
HUMEcnkvhJU,432,?,n,0.429956,0.305243,0.264801,0.429956,*WRONG*
HUMEcnkvhJU,438,?,P,0.387664,0.387664,0.277810,0.334525,*WRONG*
HUMEcnkvhJU,444,?,n,0.357721,0.355635,0.286644,0.357721,*WRONG*
HUMEcnkvhJU,450,?,P,0.365424,0.365424,0.318309,0.316268,*WRONG*
HUMEcnkvhJU,456,?,P,0.392181,0.392181,0.311276,0.296544,*WRONG*
HUMEcnkvhJU,462,?,P,0.390153,0.390153,0.307938,0.301909,*WRONG*
HUMEcnkvhJU,468,?,P,0.397200,0.397200,0.293876,0.308924,*WRONG*
HUMEcnkvhJU,474,?,P,0.380076,0.380076,0.300713,0.319211,*WRONG*
HUMEcnkvhJU,480,?,P,0.356125,0.356125,0.319759,0.324115,*WRONG*
HUMEcnkvhJU,486,?,P,0.340828,0.340828,0.339370,0.319802,*WRONG*
HUMEcnkvhJU,492,?,P,0.354535,0.354535,0.324832,0.320633,*WRONG*
HUMEcnkvhJU,498,?,P,0.356348,0.356348,0.315253,0.328399,*WRONG*
HUMEcnkvhJU,504,?,P,0.367727,0.367727,0.321587,0.310686,*WRONG*
HUMEcnkvhJU,510,?,P,0.406975,0.406975,0.321155,0.271870,*WRONG*
HUMEcnkvhJU,516,?,P,0.363586,0.363586,0.305384,0.331030,*WRONG*
HUMEcnkvhJU,522,?,P,0.377984,0.377984,0.297364,0.324652,*WRONG*
HUMEcnkvhJU,528,?,P,0.356681,0.356681,0.306541,0.336778,*WRONG*
HUMEcnkvhJU,534,?,P,0.355868,0.355868,0.301507,0.342625,*WRONG*
HUMEcnkvhJU,540,?,P,0.352975,0.352975,0.301901,0.345124,*WRONG*
HUMEcnkvhJU,546,?,P,0.394487,0.394487,0.315092,0.290421,*WRONG*
HUMEcnkvhJU,552,?,n,0.376841,0.366363,0.256796,0.376841,*WRONG*
HUMEcnkvhJU,558,?,n,0.393332,0.373315,0.233353,0.393332,*WRONG*
HUMEcnkvhJU,564,?,n,0.415749,0.344698,0.239554,0.415749,*WRONG*
HUMEcnkvhJU,570,?,n,0.430029,0.333390,0.236582,0.430029,*WRONG*
HUMEcnkvhJU,576,?,n,0.432465,0.323454,0.244081,0.432465,*WRONG*
HUMEcnkvhJU,582,?,n,0.408775,0.331461,0.259763,0.408775,*WRONG*
HUMEcnkvhJU,588,?,n,0.383562,0.337876,0.278562,0.383562,*WRONG*
HUMEcnkvhJU,594,?,S,0.335816,0.331297,0.335816,0.332887,*WRONG*
HUMEcnkvhJU,600,?,P,0.364509,0.364509,0.329156,0.306335,*WRONG*
HUMEcnkvhJU,606,?,P,0.387020,0.387020,0.325335,0.287645,*WRONG*
HUMEcnkvhJU,612,?,P,0.375911,0.375911,0.350308,0.273781,*WRONG*
HUMEcnkvhJU,618,?,P,0.371909,0.371909,0.361473,0.266618,*WRONG*
HUMEcnkvhJU,624,?,S,0.472933,0.303834,0.472933,0.223233,*WRONG*
HUMEcnkvhJU,630,?,S,0.458330,0.313316,0.458330,0.228354,*WRONG*
HUMEcnkvhJU,636,?,S,0.442904,0.331447,0.442904,0.225648,*WRONG*
HUMEcnkvhJU,642,?,S,0.457422,0.292413,0.457422,0.250165,*WRONG*
HUMEcnkvhJU,648,?,S,0.508101,0.236006,0.508101,0.255894,*WRONG*
HUMEcnkvhJU,654,?,S,0.498432,0.234691,0.498432,0.266877,*WRONG*
HUMEcnkvhJU,660,?,S,0.503207,0.227570,0.503207,0.269222,*WRONG*
HUMEcnkvhJU,666,?,S,0.497207,0.227613,0.497207,0.275180,*WRONG*
HUMEcnkvhJU,672,?,S,0.489024,0.221046,0.489024,0.289930,*WRONG*
HUMEcnkvhJU,678,?,S,0.422437,0.264870,0.422437,0.312694,*WRONG*
HUMEcnkvhJU,684,?,S,0.400079,0.291098,0.400079,0.308824,*WRONG*
HUMEcnkvhJU,690,?,S,0.404646,0.291450,0.404646,0.303904,*WRONG*
HUMEcnkvhJU,696,?,S,0.395806,0.319284,0.395806,0.284910,*WRONG*
HUMEcnkvhJU,702,?,P,0.384865,0.384865,0.315037,0.300099,*WRONG*
HUMEcnkvhJU,708,?,P,0.441088,0.441088,0.274618,0.284294,*WRONG*
HUMEcnkvhJU,714,?,P,0.470292,0.470292,0.272843,0.256865,*WRONG*
HUMEcnkvhJU,720,?,P,0.463474,0.463474,0.288173,0.248352,*WRONG*
HUMEcnkvhJU,726,?,P,0.452536,0.452536,0.307403,0.240060,*WRONG*
HUMEcnkvhJU,732,?,P,0.445499,0.445499,0.324009,0.230492,*WRONG*
HUMEcnkvhJU,738,?,P,0.419267,0.419267,0.323024,0.257709,*WRONG*
HUMEcnkvhJU,744,?,P,0.436387,0.436387,0.343798,0.219814,*WRONG*
HUMEcnkvhJU,750,?,P,0.487529,0.487529,0.316764,0.195707,*WRONG*
HUMEcnkvhJU,756,?,P,0.481817,0.481817,0.314651,0.203532,*WRONG*
HUMEcnkvhJU,762,?,P,0.475455,0.475455,0.330043,0.194502,*WRONG*
HUMEcnkvhJU,768,?,P,0.476960,0.476960,0.314621,0.208418,*WRONG*
HUMEcnkvhJU,774,?,P,0.433245,0.433245,0.300046,0.266709,*WRONG*
HUMEcnkvhJU,780,?,P,0.383242,0.383242,0.284586,0.332171,*WRONG*
HUMEcnkvhJU,786,?,P,0.395118,0.395118,0.295884,0.308998,*WRONG*
HUMEcnkvhJU,792,?,P,0.387394,0.387394,0.286639,0.325967,*WRONG*
HUMEcnkvhJU,798,?,P,0.395420,0.395420,0.317280,0.287300,*WRONG*
HUMEcnkvhJU,804,?,P,0.373655,0.373655,0.328516,0.297828,*WRONG*
HUMEcnkvhJU,810,?,P,0.375319,0.375319,0.306191,0.318490,*WRONG*
HUMEcnkvhJU,816,?,P,0.367607,0.367607,0.306253,0.326141,*WRONG*
HUMEcnkvhJU,822,?,P,0.376903,0.376903,0.319373,0.303724,*WRONG*
HUMEcnkvhJU,828,?,P,0.365547,0.365547,0.351625,0.282829,*WRONG*
HUMEcnkvhJU,834,?,P,0.396617,0.396617,0.307335,0.296048,*WRONG*
HUMEcnkvhJU,840,?,P,0.357359,0.357359,0.340286,0.302355,*WRONG*
HUMEcnkvhJU,846,?,P,0.359671,0.359671,0.346810,0.293519,*WRONG*
HUMEcnkvhJU,852,?,S,0.384318,0.383994,0.384318,0.231688,*WRONG*
HUMEcnkvhJU,858,?,S,0.397247,0.331725,0.397247,0.271028,*WRONG*
HUMEcnkvhJU,864,?,n,0.375521,0.283623,0.340856,0.375521,*WRONG*
HUMEcnkvhJU,870,?,n,0.430486,0.319663,0.249851,0.430486,*WRONG*
HUMEcnkvhJU,876,?,P,0.382737,0.382737,0.271115,0.346148,*WRONG*
HUMEcnkvhJU,882,?,n,0.395217,0.270596,0.334187,0.395217,*WRONG*
HUMEcnkvhJU,888,?,n,0.417007,0.204639,0.378354,0.417007,*WRONG*
HUMEcnkvhJU,894,?,S,0.403034,0.231966,0.403034,0.365001,*WRONG*
HUMEcnkvhJU,900,?,S,0.410991,0.239357,0.410991,0.349652,*WRONG*
HUMEcnkvhJU,906,?,S,0.389355,0.243035,0.389355,0.367609,*WRONG*
HUMEcnkvhJU,912,?,S,0.394459,0.228211,0.394459,0.377330,*WRONG*
HUMEcnkvhJU,918,?,S,0.389232,0.224758,0.389232,0.386010,*WRONG*
HUMEcnkvhJU,924,?,S,0.393511,0.261710,0.393511,0.344779,*WRONG*
HUMEcnkvhJU,930,?,S,0.397623,0.209492,0.397623,0.392886,*WRONG*
HUMEcnkvhJU,936,?,n,0.434854,0.239300,0.325846,0.434854,*WRONG*
HUMEcnkvhJU,942,?,n,0.438381,0.319334,0.242285,0.438381,*WRONG*
HUMEcnkvhJU,948,?,n,0.437540,0.316817,0.245643,0.437540,*WRONG*
HUMEcnkvhJU,954,?,n,0.434493,0.265229,0.300278,0.434493,*WRONG*
HUMEcnkvhJU,960,?,n,0.397195,0.303223,0.299582,0.397195,*WRONG*
HUMEcnkvhJU,966,?,P,0.403437,0.403437,0.284235,0.312328,*WRONG*
HUMEcnkvhJU,972,?,P,0.395410,0.395410,0.318188,0.286402,*WRONG*
HUMEcnkvhJU,978,?,n,0.366381,0.326553,0.307066,0.366381,*WRONG*
HUMEcnkvhJU,984,?,n,0.366786,0.291264,0.341949,0.366786,*WRONG*
HUMEcnkvhJU,990,?,S,0.363897,0.292816,0.363897,0.343288,*WRONG*
HUMEcnkvhJU,996,?,S,0.375134,0.325114,0.375134,0.299752,*WRONG*
HUMEcnkvhJU,1002,?,S,0.503285,0.246350,0.503285,0.250366,*WRONG*
HUMEcnkvhJU,1008,?,S,0.558738,0.223268,0.558738,0.217994,*WRONG*
HUMEcnkvhJU,1014,?,S,0.561288,0.236211,0.561288,0.202500,*WRONG*
HUMEcnkvhJU,1020,?,S,0.563022,0.235987,0.563022,0.200991,*WRONG*
HUMEcnkvhJU,1026,?,S,0.571339,0.227712,0.571339,0.200949,*WRONG*
HUMEcnkvhJU,1032,?,S,0.557101,0.241042,0.557101,0.201857,*WRONG*
HUMEcnkvhJU,1038,?,S,0.556679,0.239454,0.556679,0.203867,*WRONG*
HUMEcnkvhJU,1044,?,S,0.565847,0.247808,0.565847,0.186345,*WRONG*
HUMEcnkvhJU,1050,?,S,0.540394,0.257961,0.540394,0.201644,*WRONG*
HUMEcnkvhJU,1056,?,S,0.543065,0.246360,0.543065,0.210575,*WRONG*
HUMEcnkvhJU,1062,?,S,0.570585,0.241274,0.570585,0.188141,*WRONG*
HUMEcnkvhJU,1068,?,S,0.586857,0.232563,0.586857,0.180580,*WRONG*
HUMEcnkvhJU,1074,?,S,0.492706,0.293118,0.492706,0.214175,*WRONG*
HUMEcnkvhJU,1080,?,S,0.479986,0.323942,0.479986,0.196071,*WRONG*
HUMEcnkvhJU,1086,?,S,0.447321,0.345210,0.447321,0.207470,*WRONG*
HUMEcnkvhJU,1092,?,S,0.418755,0.302287,0.418755,0.278958,*WRONG*
HUMEcnkvhJU,1098,?,S,0.434834,0.337426,0.434834,0.227740,*WRONG*
HUMEcnkvhJU,1104,?,S,0.413563,0.356810,0.413563,0.229626,*WRONG*
HUMEcnkvhJU,1110,?,S,0.403375,0.375631,0.403375,0.220995,*WRONG*
HUMEcnkvhJU,1116,?,P,0.472503,0.472503,0.340170,0.187327,*WRONG*
HUMEcnkvhJU,1122,?,P,0.441773,0.441773,0.366167,0.192060,*WRONG*
HUMEcnkvhJU,1128,?,P,0.488366,0.488366,0.335146,0.176487,*WRONG*
HUMEcnkvhJU,1134,?,P,0.464566,0.464566,0.350623,0.184811,*WRONG*
HUMEcnkvhJU,1140,?,P,0.452849,0.452849,0.366932,0.180220,*WRONG*
HUMEcnkvhJU,1146,?,P,0.415296,0.415296,0.348909,0.235795,*WRONG*
HUMEcnkvhJU,1152,?,P,0.421947,0.421947,0.345563,0.232490,*WRONG*
HUMEcnkvhJU,1158,?,P,0.387186,0.387186,0.364213,0.248601,*WRONG*
HUMEcnkvhJU,1164,?,P,0.401548,0.401548,0.346024,0.252428,*WRONG*
HUMEcnkvhJU,1170,?,P,0.362763,0.362763,0.346721,0.290516,*WRONG*
HUMEcnkvhJU,1176,?,P,0.370327,0.370327,0.342506,0.287168,*WRONG*
HUMEcnkvhJU,1182,?,P,0.411939,0.411939,0.341877,0.246184,*WRONG*
HUMEcnkvhJU,1188,?,P,0.428959,0.428959,0.328086,0.242954,*WRONG*
HUMEcnkvhJU,1194,?,P,0.400487,0.400487,0.322338,0.277176,*WRONG*
HUMEcnkvhJU,1200,?,P,0.402357,0.402357,0.309382,0.288260,*WRONG*
HUMEcnkvhJU,1206,?,P,0.402575,0.402575,0.307438,0.289987,*WRONG*
HUMEcnkvhJU,1212,?,P,0.366543,0.366543,0.287179,0.346278,*WRONG*
HUMEcnkvhJU,1218,?,P,0.360552,0.360552,0.295084,0.344365,*WRONG*
HUMEcnkvhJU,1224,?,S,0.366604,0.342220,0.366604,0.291176,*WRONG*
HUMEcnkvhJU,1230,?,S,0.428052,0.318992,0.428052,0.252955,*WRONG*
HUMEcnkvhJU,1236,?,S,0.433752,0.340457,0.433752,0.225791,*WRONG*
HUMEcnkvhJU,1242,?,S,0.438321,0.340562,0.438321,0.221117,*WRONG*
HUMEcnkvhJU,1248,?,S,0.462157,0.330924,0.462157,0.206919,*WRONG*
HUMEcnkvhJU,1254,?,S,0.454531,0.359271,0.454531,0.186198,*WRONG*
HUMEcnkvhJU,1260,?,S,0.481198,0.350276,0.481198,0.168526,*WRONG*
HUMEcnkvhJU,1266,?,S,0.467665,0.356909,0.467665,0.175426,*WRONG*
HUMEcnkvhJU,1272,?,S,0.485423,0.348036,0.485423,0.166541,*WRONG*
HUMEcnkvhJU,1278,?,S,0.487054,0.340009,0.487054,0.172937,*WRONG*
HUMEcnkvhJU,1284,?,S,0.521465,0.312352,0.521465,0.166182,*WRONG*
HUMEcnkvhJU,1290,?,S,0.523315,0.305687,0.523315,0.170998,*WRONG*
HUMEcnkvhJU,1296,?,S,0.518911,0.306705,0.518911,0.174384,*WRONG*
HUMEcnkvhJU,1302,?,S,0.408201,0.362898,0.408201,0.228901,*WRONG*
HUMEcnkvhJU,1308,?,S,0.375036,0.343750,0.375036,0.281214,*WRONG*
HUMEcnkvhJU,1314,?,S,0.350693,0.335196,0.350693,0.314111,*WRONG*
HUMEcnkvhJU,1320,?,P,0.339818,0.339818,0.326679,0.333503,*WRONG*
HUMEcnkvhJU,1326,?,P,0.376693,0.376693,0.306294,0.317013,*WRONG*
HUMEcnkvhJU,1332,?,P,0.383330,0.383330,0.302061,0.314609,*WRONG*
HUMEcnkvhJU,1338,?,P,0.395743,0.395743,0.275277,0.328980,*WRONG*
HUMEcnkvhJU,1344,?,P,0.401436,0.401436,0.281480,0.317084,*WRONG*
HUMEcnkvhJU,1350,?,P,0.409839,0.409839,0.262115,0.328046,*WRONG*
HUMEcnkvhJU,1356,?,P,0.431442,0.431442,0.240228,0.328330,*WRONG*
HUMEcnkvhJU,1362,?,P,0.398036,0.398036,0.251557,0.350407,*WRONG*
HUMEcnkvhJU,1368,?,P,0.399934,0.399934,0.260547,0.339519,*WRONG*
HUMEcnkvhJU,1374,?,P,0.400984,0.400984,0.280542,0.318474,*WRONG*
HUMEcnkvhJU,1380,?,P,0.422641,0.422641,0.279927,0.297432,*WRONG*
HUMEcnkvhJU,1386,?,P,0.424903,0.424903,0.292249,0.282848,*WRONG*
HUMEcnkvhJU,1392,?,P,0.407205,0.407205,0.292294,0.300501,*WRONG*
HUMEcnkvhJU,1398,?,P,0.382692,0.382692,0.302324,0.314984,*WRONG*
HUMEcnkvhJU,1404,?,P,0.365896,0.365896,0.297533,0.336571,*WRONG*
HUMEcnkvhJU,1410,?,P,0.366754,0.366754,0.286757,0.346490,*WRONG*
HUMEcnkvhJU,1416,?,P,0.354440,0.354440,0.312938,0.332622,*WRONG*
HUMEcnkvhJU,1422,?,n,0.372100,0.311586,0.316314,0.372100,*WRONG*
HUMEcnkvhJU,1428,?,n,0.404844,0.307424,0.287733,0.404844,*WRONG*
HUMEcnkvhJU,1434,?,n,0.411278,0.330328,0.258394,0.411278,*WRONG*
HUMEcnkvhJU,1440,?,n,0.454526,0.301626,0.243848,0.454526,*WRONG*
HUMEcnkvhJU,1446,?,n,0.450928,0.294068,0.255004,0.450928,*WRONG*
HUMEcnkvhJU,1452,?,n,0.426261,0.300696,0.273043,0.426261,*WRONG*
HUMEcnkvhJU,1458,?,n,0.441145,0.310524,0.248331,0.441145,*WRONG*
HUMEcnkvhJU,1464,?,n,0.441121,0.327338,0.231541,0.441121,*WRONG*
HUMEcnkvhJU,1470,?,n,0.418014,0.350957,0.231029,0.418014,*WRONG*
HUMEcnkvhJU,1476,?,n,0.409892,0.355294,0.234814,0.409892,*WRONG*
HUMEcnkvhJU,1482,?,P,0.393933,0.393933,0.242064,0.364003,*WRONG*
HUMEcnkvhJU,1488,?,P,0.403843,0.403843,0.247770,0.348387,*WRONG*
HUMEcnkvhJU,1494,?,P,0.377769,0.377769,0.244536,0.377694,*WRONG*
HUMEcnkvhJU,1500,?,P,0.406619,0.406619,0.255279,0.338103,*WRONG*
HUMEcnkvhJU,1506,?,n,0.375390,0.368291,0.256319,0.375390,*WRONG*
HUMEcnkvhJU,1512,?,P,0.414069,0.414069,0.262910,0.323021,*WRONG*
HUMEcnkvhJU,1518,?,P,0.435039,0.435039,0.263715,0.301246,*WRONG*
HUMEcnkvhJU,1524,?,S,0.363232,0.360032,0.363232,0.276736,*WRONG*
HUMEcnkvhJU,1530,?,S,0.441497,0.241802,0.441497,0.316701,*WRONG*
HUMEcnkvhJU,1536,?,S,0.452723,0.231414,0.452723,0.315864,*WRONG*
HUMEcnkvhJU,1542,?,S,0.405986,0.276043,0.405986,0.317972,*WRONG*
HUMEcnkvhJU,1548,?,S,0.386881,0.228319,0.386881,0.384801,*WRONG*
HUMEcnkvhJU,1554,?,S,0.418432,0.200820,0.418432,0.380748,*WRONG*
HUMEcnkvhJU,1560,?,n,0.424777,0.202823,0.372400,0.424777,*WRONG*
HUMEcnkvhJU,1566,?,n,0.455522,0.193067,0.351411,0.455522,*WRONG*
HUMEcnkvhJU,1572,?,n,0.432696,0.174674,0.392630,0.432696,*WRONG*
HUMEcnkvhJU,1578,?,n,0.430462,0.168022,0.401516,0.430462,*WRONG*
HUMEcnkvhJU,1584,?,n,0.446845,0.201705,0.351451,0.446845,*WRONG*
HUMEcnkvhJU,1590,?,n,0.454315,0.204293,0.341392,0.454315,*WRONG*
HUMEcnkvhJU,1596,?,n,0.463353,0.198793,0.337854,0.463353,*WRONG*
HUMEcnkvhJU,1602,?,n,0.434617,0.206719,0.358664,0.434617,*WRONG*
HUMEcnkvhJU,1608,?,n,0.397753,0.237890,0.364357,0.397753,*WRONG*
HUMEcnkvhJU,1614,?,n,0.444578,0.276729,0.278693,0.444578,*WRONG*
HUMEcnkvhJU,1620,?,n,0.496339,0.240834,0.262826,0.496339,*WRONG*
HUMEcnkvhJU,1626,?,n,0.524599,0.202581,0.272820,0.524599,*WRONG*
HUMEcnkvhJU,1632,?,n,0.501338,0.282855,0.215807,0.501338,*WRONG*
HUMEcnkvhJU,1638,?,n,0.544598,0.242380,0.213022,0.544598,*WRONG*
HUMEcnkvhJU,1644,?,n,0.443776,0.299455,0.256769,0.443776,*WRONG*
HUMEcnkvhJU,1650,?,n,0.411481,0.300792,0.287727,0.411481,*WRONG*
HUMEcnkvhJU,1656,?,n,0.440148,0.266016,0.293836,0.440148,*WRONG*
HUMEcnkvhJU,1662,?,n,0.453577,0.262627,0.283796,0.453577,*WRONG*
HUMEcnkvhJU,1668,?,n,0.445480,0.257261,0.297259,0.445480,*WRONG*
HUMEcnkvhJU,1674,?,P,0.421760,0.421760,0.271579,0.306661,*WRONG*
HUMEcnkvhJU,1680,?,P,0.395706,0.395706,0.346106,0.258188,*WRONG*
HUMEcnkvhJU,1686,?,P,0.417198,0.417198,0.287722,0.295080,*WRONG*
HUMEcnkvhJU,1692,?,n,0.410391,0.329875,0.259734,0.410391,*WRONG*
HUMEcnkvhJU,1698,?,n,0.413904,0.314664,0.271431,0.413904,*WRONG*
HUMEcnkvhJU,1704,?,n,0.459836,0.291923,0.248241,0.459836,*WRONG*
HUMEcnkvhJU,1710,?,n,0.486514,0.252047,0.261439,0.486514,*WRONG*
HUMEcnkvhJU,1716,?,n,0.448021,0.267938,0.284041,0.448021,*WRONG*
HUMEcnkvhJU,1722,?,n,0.391108,0.261873,0.347019,0.391108,*WRONG*
HUMEcnkvhJU,1728,?,n,0.395671,0.283266,0.321063,0.395671,*WRONG*
HUMEcnkvhJU,1734,?,n,0.390234,0.279735,0.330031,0.390234,*WRONG*
HUMEcnkvhJU,1740,?,n,0.404649,0.271024,0.324327,0.404649,*WRONG*
HUMEcnkvhJU,1746,?,n,0.384310,0.314488,0.301202,0.384310,*WRONG*
HUMEcnkvhJU,1752,?,P,0.350775,0.350775,0.332983,0.316242,*WRONG*
HUMEcnkvhJU,1758,?,n,0.396837,0.308477,0.294685,0.396837,*WRONG*
HUMEcnkvhJU,1764,?,n,0.426223,0.295720,0.278057,0.426223,*WRONG*
HUMEcnkvhJU,1770,?,n,0.515946,0.264093,0.219961,0.515946,*WRONG*
HUMEcnkvhJU,1776,?,n,0.487005,0.284923,0.228072,0.487005,*WRONG*
HUMEcnkvhJU,1782,?,n,0.484186,0.291350,0.224464,0.484186,*WRONG*
HUMEcnkvhJU,1788,?,n,0.519356,0.265130,0.215514,0.519356,*WRONG*
HUMEcnkvhJU,1794,?,n,0.495069,0.270685,0.234246,0.495069,*WRONG*
HUMEcnkvhJU,1800,?,n,0.451828,0.290741,0.257430,0.451828,*WRONG*
HUMEcnkvhJU,1806,?,n,0.463343,0.261917,0.274740,0.463343,*WRONG*
HUMEcnkvhJU,1812,?,n,0.477682,0.255389,0.266929,0.477682,*WRONG*
HUMEcnkvhJU,1818,?,n,0.419859,0.263746,0.316394,0.419859,*WRONG*
HUMEcnkvhJU,1824,?,n,0.430758,0.197252,0.371990,0.430758,*WRONG*
HUMEcnkvhJU,1830,?,n,0.393350,0.230985,0.375665,0.393350,*WRONG*
HUMEcnkvhJU,1836,?,S,0.413555,0.206765,0.413555,0.379681,*WRONG*
HUMEcnkvhJU,1842,?,S,0.390532,0.235494,0.390532,0.373974,*WRONG*
HUMEcnkvhJU,1848,?,n,0.438958,0.215190,0.345852,0.438958,*WRONG*
HUMEcnkvhJU,1854,?,n,0.397297,0.287450,0.315253,0.397297,*WRONG*
HUMEcnkvhJU,1860,?,n,0.414416,0.285798,0.299786,0.414416,*WRONG*
HUMEcnkvhJU,1866,?,n,0.453267,0.287958,0.258775,0.453267,*WRONG*
HUMEcnkvhJU,1872,?,n,0.370250,0.367794,0.261955,0.370250,*WRONG*
HUMEcnkvhJU,1878,?,P,0.408510,0.408510,0.257207,0.334283,*WRONG*
HUMEcnkvhJU,1884,?,P,0.428009,0.428009,0.257165,0.314827,*WRONG*
HUMEcnkvhJU,1890,?,P,0.383711,0.383711,0.277656,0.338633,*WRONG*
HUMEcnkvhJU,1896,?,P,0.426024,0.426024,0.300665,0.273311,*WRONG*
HUMEcnkvhJU,1902,?,P,0.366534,0.366534,0.329906,0.303559,*WRONG*
HUMEcnkvhJU,1908,?,P,0.364951,0.364951,0.330050,0.304999,*WRONG*
HUMEcnkvhJU,1914,?,n,0.334174,0.332530,0.333296,0.334174,*WRONG*
HUMEcnkvhJU,1920,?,P,0.429767,0.429767,0.289233,0.281000,*WRONG*
HUMEcnkvhJU,1926,?,P,0.472776,0.472776,0.297831,0.229393,*WRONG*
HUMEcnkvhJU,1932,?,P,0.498713,0.498713,0.286176,0.215111,*WRONG*
HUMEcnkvhJU,1938,?,P,0.523742,0.523742,0.268028,0.208231,*WRONG*
HUMEcnkvhJU,1944,?,P,0.515887,0.515887,0.271998,0.212115,*WRONG*
HUMEcnkvhJU,1950,?,P,0.542985,0.542985,0.258597,0.198418,*WRONG*
HUMEcnkvhJU,1956,?,P,0.564439,0.564439,0.220228,0.215333,*WRONG*
HUMEcnkvhJU,1962,?,P,0.607070,0.607070,0.209077,0.183853,*WRONG*
HUMEcnkvhJU,1968,?,P,0.576255,0.576255,0.243576,0.180169,*WRONG*
HUMEcnkvhJU,1974,?,P,0.534056,0.534056,0.284588,0.181356,*WRONG*
HUMEcnkvhJU,1980,?,P,0.423043,0.423043,0.354854,0.222103,*WRONG*
HUMEcnkvhJU,1986,?,P,0.433608,0.433608,0.354031,0.212361,*WRONG*
HUMEcnkvhJU,1992,?,P,0.445951,0.445951,0.353143,0.200905,*WRONG*
HUMEcnkvhJU,1998,?,P,0.422300,0.422300,0.379274,0.198426,*WRONG*
HUMEcnkvhJU,2004,?,P,0.404841,0.404841,0.391382,0.203777,*WRONG*
HUMEcnkvhJU,2010,?,P,0.409214,0.409214,0.377691,0.213095,*WRONG*
HUMEcnkvhJU,2016,?,P,0.425217,0.425217,0.376681,0.198102,*WRONG*
HUMEcnkvhJU,2022,?,S,0.402856,0.366612,0.402856,0.230533,*WRONG*
HUMEcnkvhJU,2028,?,S,0.383360,0.361896,0.383360,0.254744,*WRONG*
HUMEcnkvhJU,2034,?,S,0.388106,0.360163,0.388106,0.251732,*WRONG*
HUMEcnkvhJU,2040,?,S,0.432490,0.308843,0.432490,0.258668,*WRONG*
HUMEcnkvhJU,2046,?,S,0.434489,0.307301,0.434489,0.258209,*WRONG*
HUMEcnkvhJU,2052,?,S,0.402175,0.368848,0.402175,0.228977,*WRONG*
HUMEcnkvhJU,2058,?,S,0.410360,0.351216,0.410360,0.238424,*WRONG*
HUMEcnkvhJU,2064,?,S,0.416380,0.329844,0.416380,0.253776,*WRONG*
HUMEcnkvhJU,2070,?,S,0.388102,0.337512,0.388102,0.274386,*WRONG*
HUMEcnkvhJU,2076,?,P,0.353643,0.353643,0.342203,0.304154,*WRONG*
HUMEcnkvhJU,2082,?,S,0.364787,0.326367,0.364787,0.308846,*WRONG*
HUMEcnkvhJU,2088,?,S,0.395352,0.327089,0.395352,0.277560,*WRONG*
HUMEcnkvhJU,2094,?,S,0.380821,0.290798,0.380821,0.328382,*WRONG*
HUMEcnkvhJU,2100,?,S,0.351814,0.320108,0.351814,0.328078,*WRONG*
HUMEcnkvhJU,2106,?,S,0.348778,0.313771,0.348778,0.337451,*WRONG*
HUMEcnkvhJU,2112,?,n,0.347253,0.317099,0.335648,0.347253,*WRONG*
HUMEcnkvhJU,2118,?,S,0.390610,0.308353,0.390610,0.301037,*WRONG*
HUMEcnkvhJU,2124,?,S,0.385490,0.326979,0.385490,0.287531,*WRONG*
HUMEcnkvhJU,2130,?,P,0.389039,0.389039,0.325434,0.285527,*WRONG*
HUMEcnkvhJU,2136,?,P,0.401962,0.401962,0.297714,0.300324,*WRONG*
HUMEcnkvhJU,2142,?,P,0.409140,0.409140,0.253162,0.337698,*WRONG*
HUMEcnkvhJU,2148,?,n,0.382028,0.376021,0.241951,0.382028,*WRONG*
HUMEcnkvhJU,2154,?,n,0.402701,0.356489,0.240810,0.402701,*WRONG*
HUMEcnkvhJU,2160,?,n,0.381344,0.377053,0.241602,0.381344,*WRONG*
HUMEcnkvhJU,2166,?,n,0.389523,0.385043,0.225433,0.389523,*WRONG*
HUMEcnkvhJU,2172,?,P,0.410734,0.410734,0.244808,0.344458,*WRONG*
HUMEcnkvhJU,2178,?,P,0.443994,0.443994,0.240604,0.315403,*WRONG*
HUMEcnkvhJU,2184,?,P,0.422422,0.422422,0.230206,0.347372,*WRONG*
HUMEcnkvhJU,2190,?,P,0.383114,0.383114,0.234584,0.382302,*WRONG*
HUMEcnkvhJU,2196,?,n,0.388299,0.365429,0.246273,0.388299,*WRONG*
HUMEcnkvhJU,2202,?,n,0.437883,0.292870,0.269247,0.437883,*WRONG*
HUMEcnkvhJU,2208,?,n,0.422409,0.319015,0.258576,0.422409,*WRONG*
HUMEcnkvhJU,2214,?,n,0.408566,0.341785,0.249650,0.408566,*WRONG*
HUMEcnkvhJU,2220,?,P,0.407945,0.407945,0.246998,0.345057,*WRONG*
HUMEcnkvhJU,2226,?,n,0.396202,0.357025,0.246772,0.396202,*WRONG*
HUMEcnkvhJU,2232,?,n,0.389369,0.370567,0.240064,0.389369,*WRONG*
HUMEcnkvhJU,2238,?,P,0.406021,0.406021,0.249946,0.344033,*WRONG*
HUMEcnkvhJU,2244,?,P,0.375981,0.375981,0.251536,0.372483,*WRONG*
HUMEcnkvhJU,2250,?,P,0.387708,0.387708,0.240183,0.372109,*WRONG*
HUMEcnkvhJU,2256,?,P,0.434085,0.434085,0.223254,0.342661,*WRONG*
HUMEcnkvhJU,2262,?,n,0.389340,0.386815,0.223845,0.389340,*WRONG*
HUMEcnkvhJU,2268,?,n,0.409967,0.377542,0.212491,0.409967,*WRONG*
HUMEcnkvhJU,2274,?,P,0.366441,0.366441,0.279256,0.354304,*WRONG*
HUMEcnkvhJU,2280,?,P,0.364256,0.364256,0.282904,0.352839,*WRONG*
HUMEcnkvhJU,2286,?,P,0.353321,0.353321,0.336935,0.309744,*WRONG*
HUMEcnkvhJU,2292,?,P,0.375875,0.375875,0.334963,0.289162,*WRONG*
HUMEcnkvhJU,2298,?,P,0.369360,0.369360,0.319875,0.310765,*WRONG*
HUMEcnkvhJU,2304,?,S,0.340052,0.328572,0.340052,0.331376,*WRONG*
HUMEcnkvhJU,2310,?,S,0.377661,0.294439,0.377661,0.327901,*WRONG*
HUMEcnkvhJU,2316,?,S,0.374743,0.304776,0.374743,0.320481,*WRONG*
HUMEcnkvhJU,2322,?,S,0.396796,0.267784,0.396796,0.335420,*WRONG*
HUMEcnkvhJU,2328,?,S,0.359344,0.281479,0.359344,0.359177,*WRONG*
HUMEcnkvhJU,2334,?,S,0.373676,0.305863,0.373676,0.320461,*WRONG*
HUMEcnkvhJU,2340,?,S,0.406627,0.300864,0.406627,0.292509,*WRONG*
HUMEcnkvhJU,2346,?,S,0.381671,0.351964,0.381671,0.266365,*WRONG*
HUMEcnkvhJU,2352,?,S,0.377366,0.368534,0.377366,0.254100,*WRONG*
HUMEcnkvhJU,2358,?,S,0.391275,0.357675,0.391275,0.251050,*WRONG*
HUMEcnkvhJU,2364,?,S,0.400253,0.332083,0.400253,0.267664,*WRONG*
HUMEcnkvhJU,2370,?,S,0.405271,0.320347,0.405271,0.274382,*WRONG*
HUMEcnkvhJU,2376,?,S,0.440067,0.285521,0.440067,0.274412,*WRONG*
HUMEcnkvhJU,2382,?,S,0.462357,0.259242,0.462357,0.278401,*WRONG*
HUMEcnkvhJU,2388,?,S,0.476296,0.235238,0.476296,0.288466,*WRONG*
HUMEcnkvhJU,2394,?,S,0.486063,0.231841,0.486063,0.282096,*WRONG*
HUMEcnkvhJU,2400,?,S,0.474764,0.247631,0.474764,0.277605,*WRONG*
HUMEcnkvhJU,2406,?,S,0.472704,0.253860,0.472704,0.273436,*WRONG*
HUMEcnkvhJU,2412,?,S,0.482797,0.265092,0.482797,0.252110,*WRONG*
HUMEcnkvhJU,2418,?,S,0.446376,0.284817,0.446376,0.268807,*WRONG*
HUMEcnkvhJU,2424,?,S,0.484810,0.242123,0.484810,0.273067,*WRONG*
HUMEcnkvhJU,2430,?,S,0.495267,0.198522,0.495267,0.306210,*WRONG*
HUMEcnkvhJU,2436,?,S,0.454032,0.246652,0.454032,0.299316,*WRONG*
HUMEcnkvhJU,2442,?,S,0.426726,0.284737,0.426726,0.288538,*WRONG*
HUMEcnkvhJU,2448,?,S,0.405439,0.258634,0.405439,0.335928,*WRONG*
HUMEcnkvhJU,2454,?,S,0.404322,0.280554,0.404322,0.315124,*WRONG*
HUMEcnkvhJU,2460,?,S,0.360505,0.339479,0.360505,0.300016,*WRONG*
HUMEcnkvhJU,2466,?,S,0.400327,0.326641,0.400327,0.273031,*WRONG*
HUMEcnkvhJU,2472,?,S,0.431841,0.267959,0.431841,0.300200,*WRONG*
HUMEcnkvhJU,2478,?,S,0.441219,0.279636,0.441219,0.279145,*WRONG*
HUMEcnkvhJU,2484,?,S,0.409912,0.300933,0.409912,0.289155,*WRONG*
HUMEcnkvhJU,2490,?,S,0.386721,0.292720,0.386721,0.320559,*WRONG*
HUMEcnkvhJU,2496,?,n,0.351653,0.311604,0.336743,0.351653,*WRONG*
HUMEcnkvhJU,2502,?,n,0.376112,0.298065,0.325824,0.376112,*WRONG*
HUMEcnkvhJU,2508,?,n,0.363939,0.303149,0.332912,0.363939,*WRONG*
HUMEcnkvhJU,2514,?,n,0.427039,0.323265,0.249696,0.427039,*WRONG*
HUMEcnkvhJU,2520,?,n,0.430304,0.307378,0.262318,0.430304,*WRONG*
HUMEcnkvhJU,2526,?,n,0.446378,0.307863,0.245759,0.446378,*WRONG*
HUMEcnkvhJU,2532,?,n,0.418112,0.314269,0.267619,0.418112,*WRONG*
HUMEcnkvhJU,2538,?,n,0.476693,0.256994,0.266313,0.476693,*WRONG*
HUMEcnkvhJU,2544,?,n,0.417515,0.297882,0.284603,0.417515,*WRONG*
HUMEcnkvhJU,2550,?,n,0.370501,0.303438,0.326061,0.370501,*WRONG*
HUMEcnkvhJU,2556,?,S,0.426911,0.274466,0.426911,0.298623,*WRONG*
HUMEcnkvhJU,2562,?,S,0.412051,0.279318,0.412051,0.308631,*WRONG*
HUMEcnkvhJU,2568,?,S,0.398715,0.269688,0.398715,0.331597,*WRONG*
HUMEcnkvhJU,2574,?,n,0.430197,0.275473,0.294330,0.430197,*WRONG*
HUMEcnkvhJU,2580,?,n,0.416528,0.242245,0.341227,0.416528,*WRONG*
HUMEcnkvhJU,2586,?,n,0.473039,0.291581,0.235380,0.473039,*WRONG*
HUMEcnkvhJU,2592,?,n,0.510168,0.297323,0.192510,0.510168,*WRONG*
HUMEcnkvhJU,2598,?,n,0.474220,0.338021,0.187759,0.474220,*WRONG*
HUMEcnkvhJU,2604,?,n,0.510847,0.329048,0.160104,0.510847,*WRONG*
HUMEcnkvhJU,2610,?,P,0.424899,0.424899,0.194966,0.380136,*WRONG*
HUMEcnkvhJU,2616,?,P,0.381312,0.381312,0.291554,0.327134,*WRONG*
HUMEcnkvhJU,2622,?,P,0.416415,0.416415,0.344250,0.239335,*WRONG*
HUMEcnkvhJU,2628,?,P,0.477180,0.477180,0.281257,0.241564,*WRONG*
HUMEcnkvhJU,2634,?,P,0.434185,0.434185,0.295151,0.270665,*WRONG*
HUMEcnkvhJU,2640,?,P,0.386781,0.386781,0.299692,0.313527,*WRONG*
HUMEcnkvhJU,2646,?,P,0.392542,0.392542,0.283766,0.323692,*WRONG*
HUMEcnkvhJU,2652,?,P,0.425896,0.425896,0.280541,0.293562,*WRONG*
HUMEcnkvhJU,2658,?,P,0.457251,0.457251,0.264361,0.278388,*WRONG*
HUMEcnkvhJU,2664,?,P,0.451212,0.451212,0.298351,0.250437,*WRONG*
HUMEcnkvhJU,2670,?,P,0.414139,0.414139,0.261102,0.324759,*WRONG*
HUMEcnkvhJU,2676,?,n,0.459109,0.276773,0.264118,0.459109,*WRONG*
HUMEcnkvhJU,2682,?,n,0.460243,0.284449,0.255308,0.460243,*WRONG*
HUMEcnkvhJU,2688,?,n,0.438297,0.273211,0.288492,0.438297,*WRONG*
HUMEcnkvhJU,2694,?,n,0.388630,0.267778,0.343591,0.388630,*WRONG*
HUMEcnkvhJU,2700,?,n,0.383665,0.249279,0.367055,0.383665,*WRONG*
HUMEcnkvhJU,2706,?,S,0.388440,0.224899,0.388440,0.386661,*WRONG*
HUMEcnkvhJU,2712,?,S,0.399949,0.204748,0.399949,0.395303,*WRONG*
HUMEcnkvhJU,2718,?,n,0.405635,0.197795,0.396570,0.405635,*WRONG*
HUMEcnkvhJU,2724,?,n,0.474377,0.141152,0.384471,0.474377,*WRONG*
HUMEcnkvhJU,2730,?,n,0.467355,0.153851,0.378794,0.467355,*WRONG*
HUMEcnkvhJU,2736,?,n,0.434294,0.175961,0.389745,0.434294,*WRONG*
HUMEcnkvhJU,2742,?,S,0.409303,0.188035,0.409303,0.402662,*WRONG*
HUMEcnkvhJU,2748,?,S,0.426214,0.204552,0.426214,0.369234,*WRONG*
HUMEcnkvhJU,2754,?,S,0.432544,0.216010,0.432544,0.351446,*WRONG*
HUMEcnkvhJU,2760,?,S,0.440637,0.225423,0.440637,0.333941,*WRONG*
HUMEcnkvhJU,2766,?,S,0.444729,0.231834,0.444729,0.323437,*WRONG*
HUMEcnkvhJU,2772,?,S,0.445898,0.237712,0.445898,0.316390,*WRONG*
HUMEcnkvhJU,2778,?,S,0.443839,0.246677,0.443839,0.309483,*WRONG*
HUMEcnkvhJU,2784,?,S,0.445713,0.254417,0.445713,0.299870,*WRONG*
HUMEcnkvhJU,2790,?,S,0.474944,0.230978,0.474944,0.294078,*WRONG*
HUMEcnkvhJU,2796,?,S,0.501375,0.231827,0.501375,0.266797,*WRONG*
HUMEcnkvhJU,2802,?,S,0.502365,0.234312,0.502365,0.263323,*WRONG*
HUMEcnkvhJU,2808,?,S,0.503314,0.236722,0.503314,0.259965,*WRONG*
HUMEcnkvhJU,2814,?,S,0.504141,0.240428,0.504141,0.255431,*WRONG*
HUMEcnkvhJU,2820,?,S,0.504025,0.245523,0.504025,0.250452,*WRONG*
HUMEcnkvhJU,2826,?,S,0.499646,0.253500,0.499646,0.246854,*WRONG*
HUMEcnkvhJU,2832,?,S,0.493884,0.262966,0.493884,0.243150,*WRONG*
HUMEcnkvhJU,2838,?,S,0.427559,0.341706,0.427559,0.230735,*WRONG*
HUMEcnkvhJU,2844,?,S,0.428956,0.333437,0.428956,0.237607,*WRONG*
HUMEcnkvhJU,2850,?,S,0.430414,0.327987,0.430414,0.241598,*WRONG*
HUMEcnkvhJU,2856,?,S,0.433979,0.323947,0.433979,0.242074,*WRONG*
HUMEcnkvhJU,2862,?,S,0.436332,0.321804,0.436332,0.241864,*WRONG*
HUMEcnkvhJU,2868,?,S,0.437438,0.320813,0.437438,0.241749,*WRONG*
HUMEcnkvhJU,2874,?,S,0.432368,0.333199,0.432368,0.234433,*WRONG*
HUMEcnkvhJU,2880,?,S,0.435022,0.342091,0.435022,0.222887,*WRONG*
HUMEcnkvhJU,2886,?,S,0.419554,0.363946,0.419554,0.216500,*WRONG*
HUMEcnkvhJU,2892,?,S,0.408433,0.375483,0.408433,0.216084,*WRONG*
HUMEcnkvhJU,2898,?,S,0.400397,0.381958,0.400397,0.217646,*WRONG*
HUMEcnkvhJU,2904,?,S,0.395378,0.385617,0.395378,0.219004,*WRONG*
HUMEcnkvhJU,2910,?,S,0.392716,0.387362,0.392716,0.219922,*WRONG*
HUMEcnkvhJU,2916,?,S,0.391251,0.387811,0.391251,0.220937,*WRONG*
HUMEcnkvhJU,2922,?,S,0.389575,0.388560,0.389575,0.221866,*WRONG*
HUMEcnkvhJU,2928,?,P,0.389239,0.389239,0.387550,0.223212,*WRONG*
HUMEcnkvhJU,2934,?,P,0.389580,0.389580,0.386457,0.223963,*WRONG*
HUMEcnkvhJU,2940,?,P,0.388664,0.388664,0.386696,0.224639,*WRONG*
HUMEcnkvhJU,2946,?,S,0.386073,0.386052,0.386073,0.227875,*WRONG*
HUMEcnkvhJU,2952,?,P,0.385817,0.385817,0.384569,0.229614,*WRONG*
HUMEcnkvhJU,2958,?,S,0.385640,0.384680,0.385640,0.229680,*WRONG*
HUMEcnkvhJU,2964,?,P,0.394659,0.394659,0.394229,0.211111,*WRONG*
HUMEcnkvhJU,2970,?,S,0.380514,0.329166,0.380514,0.290320,*WRONG*
HUMEcnkvhJU,2976,?,S,0.371593,0.303906,0.371593,0.324501,*WRONG*
HUMEcnkvhJU,2982,?,S,0.374272,0.285760,0.374272,0.339968,*WRONG*
HUMEcnkvhJU,2988,?,S,0.375244,0.264234,0.375244,0.360522,*WRONG*
HUMEcnkvhJU,2994,?,n,0.377395,0.246757,0.375848,0.377395,*WRONG*
HUMEcnkvhJU,3000,?,n,0.386839,0.235390,0.377772,0.386839,*WRONG*
HUMEcnkvhJU,3006,?,n,0.393729,0.226321,0.379950,0.393729,*WRONG*
HUMEcnkvhJU,3012,?,n,0.399358,0.219130,0.381512,0.399358,*WRONG*
HUMEcnkvhJU,3018,?,n,0.403403,0.215341,0.381256,0.403403,*WRONG*
HUMEcnkvhJU,3024,?,n,0.407964,0.212454,0.379582,0.407964,*WRONG*
