video_id,frame_number,groundtruth_label,predicted_label,predicted_label_probability,probability_P,probability_S,probability_n,mismatch_flag
HUMEcnkvhJU,0,?,S,0.444820,0.188815,0.444820,0.366365,*WRONG*
HUMEcnkvhJU,6,?,S,0.459171,0.153718,0.459171,0.387110,*WRONG*
HUMEcnkvhJU,12,?,S,0.445677,0.156105,0.445677,0.398218,*WRONG*
HUMEcnkvhJU,18,?,S,0.456082,0.158222,0.456082,0.385695,*WRONG*
HUMEcnkvhJU,24,?,S,0.458407,0.166123,0.458407,0.375470,*WRONG*
HUMEcnkvhJU,30,?,S,0.429421,0.192596,0.429421,0.377982,*WRONG*
HUMEcnkvhJU,36,?,S,0.415825,0.197919,0.415825,0.386256,*WRONG*
HUMEcnkvhJU,42,?,S,0.423237,0.190845,0.423237,0.385917,*WRONG*
HUMEcnkvhJU,48,?,S,0.426890,0.190145,0.426890,0.382965,*WRONG*
HUMEcnkvhJU,54,?,S,0.424067,0.184608,0.424067,0.391325,*WRONG*
HUMEcnkvhJU,60,?,S,0.413904,0.189529,0.413904,0.396567,*WRONG*
HUMEcnkvhJU,66,?,S,0.398311,0.204443,0.398311,0.397246,*WRONG*
HUMEcnkvhJU,72,?,n,0.415296,0.182179,0.402525,0.415296,*WRONG*
HUMEcnkvhJU,78,?,n,0.433040,0.169345,0.397616,0.433040,*WRONG*
HUMEcnkvhJU,84,?,n,0.417057,0.195627,0.387315,0.417057,*WRONG*
HUMEcnkvhJU,90,?,S,0.406488,0.189737,0.406488,0.403776,*WRONG*
HUMEcnkvhJU,96,?,S,0.410915,0.197125,0.410915,0.391960,*WRONG*
HUMEcnkvhJU,102,?,S,0.402509,0.198074,0.402509,0.399418,*WRONG*
HUMEcnkvhJU,108,?,S,0.411590,0.204931,0.411590,0.383479,*WRONG*
HUMEcnkvhJU,114,?,S,0.427038,0.221956,0.427038,0.351006,*WRONG*
HUMEcnkvhJU,120,?,S,0.418969,0.258115,0.418969,0.322916,*WRONG*
HUMEcnkvhJU,126,?,S,0.421441,0.253456,0.421441,0.325103,*WRONG*
HUMEcnkvhJU,132,?,S,0.432060,0.243263,0.432060,0.324677,*WRONG*
HUMEcnkvhJU,138,?,S,0.425895,0.250212,0.425895,0.323893,*WRONG*
HUMEcnkvhJU,144,?,S,0.446691,0.245618,0.446691,0.307692,*WRONG*
HUMEcnkvhJU,150,?,S,0.427033,0.259807,0.427033,0.313159,*WRONG*
HUMEcnkvhJU,156,?,S,0.448430,0.255170,0.448430,0.296400,*WRONG*
HUMEcnkvhJU,162,?,S,0.429095,0.258368,0.429095,0.312537,*WRONG*
HUMEcnkvhJU,168,?,S,0.460999,0.237581,0.460999,0.301420,*WRONG*
HUMEcnkvhJU,174,?,S,0.469956,0.226121,0.469956,0.303923,*WRONG*
HUMEcnkvhJU,180,?,S,0.444367,0.241456,0.444367,0.314177,*WRONG*
HUMEcnkvhJU,186,?,S,0.427030,0.244822,0.427030,0.328148,*WRONG*
HUMEcnkvhJU,192,?,S,0.447130,0.240784,0.447130,0.312086,*WRONG*
HUMEcnkvhJU,198,?,S,0.455151,0.240168,0.455151,0.304681,*WRONG*
HUMEcnkvhJU,204,?,S,0.429024,0.262659,0.429024,0.308316,*WRONG*
HUMEcnkvhJU,210,?,S,0.410196,0.280399,0.410196,0.309405,*WRONG*
HUMEcnkvhJU,216,?,S,0.409460,0.277234,0.409460,0.313306,*WRONG*
HUMEcnkvhJU,222,?,S,0.394229,0.256661,0.394229,0.349110,*WRONG*
HUMEcnkvhJU,228,?,S,0.377033,0.287913,0.377033,0.335054,*WRONG*
HUMEcnkvhJU,234,?,S,0.365696,0.300413,0.365696,0.333891,*WRONG*
HUMEcnkvhJU,240,?,S,0.384196,0.295778,0.384196,0.320026,*WRONG*
HUMEcnkvhJU,246,?,S,0.404705,0.299929,0.404705,0.295366,*WRONG*
HUMEcnkvhJU,252,?,S,0.406192,0.298320,0.406192,0.295488,*WRONG*
HUMEcnkvhJU,258,?,S,0.413899,0.288302,0.413899,0.297799,*WRONG*
HUMEcnkvhJU,264,?,S,0.413332,0.300279,0.413332,0.286388,*WRONG*
HUMEcnkvhJU,270,?,S,0.415512,0.305571,0.415512,0.278917,*WRONG*
HUMEcnkvhJU,276,?,S,0.425262,0.295671,0.425262,0.279067,*WRONG*
HUMEcnkvhJU,282,?,S,0.410869,0.288423,0.410869,0.300708,*WRONG*
HUMEcnkvhJU,288,?,S,0.421526,0.284332,0.421526,0.294142,*WRONG*
HUMEcnkvhJU,294,?,S,0.431481,0.266785,0.431481,0.301734,*WRONG*
HUMEcnkvhJU,300,?,S,0.456145,0.255457,0.456145,0.288398,*WRONG*
HUMEcnkvhJU,306,?,S,0.462754,0.262126,0.462754,0.275120,*WRONG*
HUMEcnkvhJU,312,?,S,0.464944,0.254734,0.464944,0.280322,*WRONG*
HUMEcnkvhJU,318,?,S,0.441979,0.248022,0.441979,0.309999,*WRONG*
HUMEcnkvhJU,324,?,S,0.417466,0.255677,0.417466,0.326857,*WRONG*
HUMEcnkvhJU,330,?,S,0.405846,0.265290,0.405846,0.328864,*WRONG*
HUMEcnkvhJU,336,?,S,0.398294,0.283717,0.398294,0.317989,*WRONG*
HUMEcnkvhJU,342,?,S,0.408917,0.274215,0.408917,0.316868,*WRONG*
HUMEcnkvhJU,348,?,S,0.432276,0.249300,0.432276,0.318424,*WRONG*
HUMEcnkvhJU,354,?,S,0.409541,0.241620,0.409541,0.348839,*WRONG*
HUMEcnkvhJU,360,?,S,0.429650,0.246907,0.429650,0.323443,*WRONG*
HUMEcnkvhJU,366,?,S,0.416593,0.283619,0.416593,0.299788,*WRONG*
HUMEcnkvhJU,372,?,S,0.441511,0.276193,0.441511,0.282296,*WRONG*
HUMEcnkvhJU,378,?,S,0.470195,0.255966,0.470195,0.273839,*WRONG*
HUMEcnkvhJU,384,?,S,0.493783,0.241752,0.493783,0.264465,*WRONG*
HUMEcnkvhJU,390,?,S,0.483401,0.230678,0.483401,0.285921,*WRONG*
HUMEcnkvhJU,396,?,S,0.470824,0.229046,0.470824,0.300130,*WRONG*
HUMEcnkvhJU,402,?,S,0.468980,0.222339,0.468980,0.308680,*WRONG*
HUMEcnkvhJU,408,?,S,0.462238,0.244611,0.462238,0.293151,*WRONG*
HUMEcnkvhJU,414,?,S,0.473452,0.233678,0.473452,0.292869,*WRONG*
HUMEcnkvhJU,420,?,S,0.471582,0.226341,0.471582,0.302077,*WRONG*
HUMEcnkvhJU,426,?,S,0.463775,0.235587,0.463775,0.300638,*WRONG*
HUMEcnkvhJU,432,?,S,0.466620,0.220071,0.466620,0.313309,*WRONG*
HUMEcnkvhJU,438,?,S,0.426516,0.270862,0.426516,0.302622,*WRONG*
HUMEcnkvhJU,444,?,n,0.372496,0.258313,0.369191,0.372496,*WRONG*
HUMEcnkvhJU,450,?,n,0.405027,0.242230,0.352743,0.405027,*WRONG*
HUMEcnkvhJU,456,?,S,0.450889,0.231163,0.450889,0.317948,*WRONG*
HUMEcnkvhJU,462,?,S,0.472531,0.240545,0.472531,0.286923,*WRONG*
HUMEcnkvhJU,468,?,S,0.461736,0.289343,0.461736,0.248921,*WRONG*
HUMEcnkvhJU,474,?,S,0.441418,0.328155,0.441418,0.230426,*WRONG*
HUMEcnkvhJU,480,?,S,0.439174,0.313374,0.439174,0.247451,*WRONG*
HUMEcnkvhJU,486,?,S,0.406353,0.325627,0.406353,0.268020,*WRONG*
HUMEcnkvhJU,492,?,S,0.441918,0.304076,0.441918,0.254006,*WRONG*
HUMEcnkvhJU,498,?,S,0.433111,0.290270,0.433111,0.276620,*WRONG*
HUMEcnkvhJU,504,?,S,0.437674,0.290074,0.437674,0.272253,*WRONG*
HUMEcnkvhJU,510,?,S,0.433481,0.269898,0.433481,0.296621,*WRONG*
HUMEcnkvhJU,516,?,S,0.417022,0.290343,0.417022,0.292635,*WRONG*
HUMEcnkvhJU,522,?,S,0.392320,0.283969,0.392320,0.323711,*WRONG*
HUMEcnkvhJU,528,?,S,0.380495,0.267309,0.380495,0.352196,*WRONG*
HUMEcnkvhJU,534,?,S,0.378156,0.268929,0.378156,0.352915,*WRONG*
HUMEcnkvhJU,540,?,S,0.446973,0.209283,0.446973,0.343745,*WRONG*
HUMEcnkvhJU,546,?,S,0.464230,0.240177,0.464230,0.295592,*WRONG*
HUMEcnkvhJU,552,?,S,0.427739,0.266547,0.427739,0.305714,*WRONG*
HUMEcnkvhJU,558,?,S,0.432553,0.284978,0.432553,0.282469,*WRONG*
HUMEcnkvhJU,564,?,S,0.447216,0.278655,0.447216,0.274130,*WRONG*
HUMEcnkvhJU,570,?,S,0.514288,0.233391,0.514288,0.252321,*WRONG*
HUMEcnkvhJU,576,?,S,0.498042,0.234914,0.498042,0.267044,*WRONG*
HUMEcnkvhJU,582,?,S,0.516674,0.193375,0.516674,0.289951,*WRONG*
HUMEcnkvhJU,588,?,S,0.497577,0.202493,0.497577,0.299929,*WRONG*
HUMEcnkvhJU,594,?,S,0.483247,0.211602,0.483247,0.305150,*WRONG*
HUMEcnkvhJU,600,?,S,0.494153,0.203996,0.494153,0.301851,*WRONG*
HUMEcnkvhJU,606,?,S,0.507865,0.207396,0.507865,0.284739,*WRONG*
HUMEcnkvhJU,612,?,S,0.540303,0.178991,0.540303,0.280705,*WRONG*
HUMEcnkvhJU,618,?,S,0.488041,0.187888,0.488041,0.324071,*WRONG*
HUMEcnkvhJU,624,?,S,0.550812,0.154185,0.550812,0.295003,*WRONG*
HUMEcnkvhJU,630,?,S,0.542886,0.158473,0.542886,0.298641,*WRONG*
HUMEcnkvhJU,636,?,S,0.551586,0.152080,0.551586,0.296334,*WRONG*
HUMEcnkvhJU,642,?,S,0.528835,0.187968,0.528835,0.283197,*WRONG*
HUMEcnkvhJU,648,?,S,0.542349,0.201365,0.542349,0.256287,*WRONG*
HUMEcnkvhJU,654,?,S,0.523885,0.199895,0.523885,0.276221,*WRONG*
HUMEcnkvhJU,660,?,S,0.522745,0.190734,0.522745,0.286520,*WRONG*
HUMEcnkvhJU,666,?,S,0.546401,0.167542,0.546401,0.286057,*WRONG*
HUMEcnkvhJU,672,?,S,0.544009,0.181287,0.544009,0.274705,*WRONG*
HUMEcnkvhJU,678,?,S,0.557129,0.186782,0.557129,0.256089,*WRONG*
HUMEcnkvhJU,684,?,S,0.577922,0.169046,0.577922,0.253032,*WRONG*
HUMEcnkvhJU,690,?,S,0.549779,0.167944,0.549779,0.282278,*WRONG*
HUMEcnkvhJU,696,?,S,0.543394,0.189524,0.543394,0.267082,*WRONG*
HUMEcnkvhJU,702,?,S,0.568637,0.186908,0.568637,0.244455,*WRONG*
HUMEcnkvhJU,708,?,S,0.598190,0.168972,0.598190,0.232838,*WRONG*
HUMEcnkvhJU,714,?,S,0.599946,0.160492,0.599946,0.239563,*WRONG*
HUMEcnkvhJU,720,?,S,0.569561,0.143418,0.569561,0.287021,*WRONG*
HUMEcnkvhJU,726,?,S,0.578621,0.163681,0.578621,0.257699,*WRONG*
HUMEcnkvhJU,732,?,S,0.596464,0.158961,0.596464,0.244575,*WRONG*
HUMEcnkvhJU,738,?,S,0.547722,0.169022,0.547722,0.283256,*WRONG*
HUMEcnkvhJU,744,?,S,0.512767,0.180182,0.512767,0.307051,*WRONG*
HUMEcnkvhJU,750,?,S,0.507435,0.176026,0.507435,0.316539,*WRONG*
HUMEcnkvhJU,756,?,S,0.568380,0.161998,0.568380,0.269622,*WRONG*
HUMEcnkvhJU,762,?,S,0.562394,0.171895,0.562394,0.265711,*WRONG*
HUMEcnkvhJU,768,?,S,0.542494,0.194683,0.542494,0.262823,*WRONG*
HUMEcnkvhJU,774,?,S,0.559287,0.192826,0.559287,0.247886,*WRONG*
HUMEcnkvhJU,780,?,S,0.561379,0.195631,0.561379,0.242990,*WRONG*
HUMEcnkvhJU,786,?,S,0.599652,0.169500,0.599652,0.230848,*WRONG*
HUMEcnkvhJU,792,?,S,0.584191,0.166813,0.584191,0.248996,*WRONG*
HUMEcnkvhJU,798,?,S,0.609221,0.156345,0.609221,0.234434,*WRONG*
HUMEcnkvhJU,804,?,S,0.591803,0.164045,0.591803,0.244153,*WRONG*
HUMEcnkvhJU,810,?,S,0.574533,0.186678,0.574533,0.238789,*WRONG*
HUMEcnkvhJU,816,?,S,0.602448,0.166406,0.602448,0.231146,*WRONG*
HUMEcnkvhJU,822,?,S,0.630939,0.159808,0.630939,0.209253,*WRONG*
HUMEcnkvhJU,828,?,S,0.618904,0.174849,0.618904,0.206247,*WRONG*
HUMEcnkvhJU,834,?,S,0.621214,0.162909,0.621214,0.215877,*WRONG*
HUMEcnkvhJU,840,?,S,0.620764,0.147667,0.620764,0.231569,*WRONG*
HUMEcnkvhJU,846,?,S,0.618358,0.167260,0.618358,0.214383,*WRONG*
HUMEcnkvhJU,852,?,S,0.603698,0.182121,0.603698,0.214180,*WRONG*
HUMEcnkvhJU,858,?,S,0.613609,0.165319,0.613609,0.221071,*WRONG*
HUMEcnkvhJU,864,?,S,0.618071,0.171807,0.618071,0.210122,*WRONG*
HUMEcnkvhJU,870,?,S,0.540941,0.166414,0.540941,0.292646,*WRONG*
HUMEcnkvhJU,876,?,S,0.492424,0.179178,0.492424,0.328399,*WRONG*
HUMEcnkvhJU,882,?,S,0.494019,0.198928,0.494019,0.307053,*WRONG*
HUMEcnkvhJU,888,?,S,0.529336,0.224921,0.529336,0.245743,*WRONG*
HUMEcnkvhJU,894,?,S,0.545945,0.233017,0.545945,0.221038,*WRONG*
HUMEcnkvhJU,900,?,S,0.548395,0.197071,0.548395,0.254534,*WRONG*
HUMEcnkvhJU,906,?,S,0.510104,0.216347,0.510104,0.273549,*WRONG*
HUMEcnkvhJU,912,?,S,0.522845,0.206990,0.522845,0.270165,*WRONG*
HUMEcnkvhJU,918,?,S,0.557772,0.196151,0.557772,0.246078,*WRONG*
HUMEcnkvhJU,924,?,S,0.554577,0.214846,0.554577,0.230577,*WRONG*
HUMEcnkvhJU,930,?,S,0.514504,0.201819,0.514504,0.283678,*WRONG*
HUMEcnkvhJU,936,?,S,0.507088,0.191489,0.507088,0.301423,*WRONG*
HUMEcnkvhJU,942,?,S,0.527244,0.199639,0.527244,0.273118,*WRONG*
HUMEcnkvhJU,948,?,S,0.543902,0.210914,0.543902,0.245183,*WRONG*
HUMEcnkvhJU,954,?,S,0.531439,0.241760,0.531439,0.226801,*WRONG*
HUMEcnkvhJU,960,?,S,0.497913,0.251289,0.497913,0.250798,*WRONG*
HUMEcnkvhJU,966,?,S,0.516117,0.252297,0.516117,0.231586,*WRONG*
HUMEcnkvhJU,972,?,S,0.523135,0.254393,0.523135,0.222473,*WRONG*
HUMEcnkvhJU,978,?,S,0.512796,0.216966,0.512796,0.270239,*WRONG*
HUMEcnkvhJU,984,?,S,0.513207,0.206200,0.513207,0.280593,*WRONG*
HUMEcnkvhJU,990,?,S,0.488276,0.230632,0.488276,0.281092,*WRONG*
HUMEcnkvhJU,996,?,S,0.525993,0.216025,0.525993,0.257982,*WRONG*
HUMEcnkvhJU,1002,?,S,0.552049,0.204189,0.552049,0.243761,*WRONG*
HUMEcnkvhJU,1008,?,S,0.568237,0.188186,0.568237,0.243577,*WRONG*
HUMEcnkvhJU,1014,?,S,0.552672,0.193020,0.552672,0.254308,*WRONG*
HUMEcnkvhJU,1020,?,S,0.516649,0.230458,0.516649,0.252893,*WRONG*
HUMEcnkvhJU,1026,?,S,0.464609,0.268351,0.464609,0.267039,*WRONG*
HUMEcnkvhJU,1032,?,S,0.448735,0.286925,0.448735,0.264340,*WRONG*
HUMEcnkvhJU,1038,?,S,0.469705,0.296377,0.469705,0.233919,*WRONG*
HUMEcnkvhJU,1044,?,S,0.441168,0.304653,0.441168,0.254179,*WRONG*
HUMEcnkvhJU,1050,?,S,0.530104,0.252076,0.530104,0.217820,*WRONG*
HUMEcnkvhJU,1056,?,S,0.523367,0.233515,0.523367,0.243118,*WRONG*
HUMEcnkvhJU,1062,?,S,0.524251,0.219198,0.524251,0.256551,*WRONG*
HUMEcnkvhJU,1068,?,S,0.526511,0.232707,0.526511,0.240782,*WRONG*
HUMEcnkvhJU,1074,?,S,0.575253,0.214535,0.575253,0.210211,*WRONG*
HUMEcnkvhJU,1080,?,S,0.634414,0.176294,0.634414,0.189293,*WRONG*
HUMEcnkvhJU,1086,?,S,0.662877,0.152529,0.662877,0.184594,*WRONG*
HUMEcnkvhJU,1092,?,S,0.670021,0.161499,0.670021,0.168480,*WRONG*
HUMEcnkvhJU,1098,?,S,0.639540,0.181677,0.639540,0.178783,*WRONG*
HUMEcnkvhJU,1104,?,S,0.644027,0.172847,0.644027,0.183127,*WRONG*
HUMEcnkvhJU,1110,?,S,0.607516,0.189800,0.607516,0.202685,*WRONG*
HUMEcnkvhJU,1116,?,S,0.604775,0.199377,0.604775,0.195848,*WRONG*
HUMEcnkvhJU,1122,?,S,0.596018,0.211621,0.596018,0.192361,*WRONG*
HUMEcnkvhJU,1128,?,S,0.627087,0.192847,0.627087,0.180066,*WRONG*
HUMEcnkvhJU,1134,?,S,0.641939,0.167406,0.641939,0.190655,*WRONG*
HUMEcnkvhJU,1140,?,S,0.600559,0.184066,0.600559,0.215375,*WRONG*
HUMEcnkvhJU,1146,?,S,0.610184,0.135646,0.610184,0.254170,*WRONG*
HUMEcnkvhJU,1152,?,S,0.579422,0.156970,0.579422,0.263607,*WRONG*
HUMEcnkvhJU,1158,?,S,0.536324,0.178492,0.536324,0.285184,*WRONG*
HUMEcnkvhJU,1164,?,S,0.500979,0.182618,0.500979,0.316402,*WRONG*
HUMEcnkvhJU,1170,?,S,0.441255,0.203233,0.441255,0.355513,*WRONG*
HUMEcnkvhJU,1176,?,S,0.456699,0.208815,0.456699,0.334486,*WRONG*
HUMEcnkvhJU,1182,?,S,0.485166,0.208209,0.485166,0.306625,*WRONG*
HUMEcnkvhJU,1188,?,S,0.503537,0.213660,0.503537,0.282803,*WRONG*
HUMEcnkvhJU,1194,?,S,0.472429,0.234023,0.472429,0.293548,*WRONG*
HUMEcnkvhJU,1200,?,S,0.487861,0.221219,0.487861,0.290920,*WRONG*
HUMEcnkvhJU,1206,?,S,0.511603,0.198606,0.511603,0.289791,*WRONG*
HUMEcnkvhJU,1212,?,S,0.549854,0.188896,0.549854,0.261250,*WRONG*
HUMEcnkvhJU,1218,?,S,0.493856,0.209620,0.493856,0.296525,*WRONG*
HUMEcnkvhJU,1224,?,S,0.536656,0.169943,0.536656,0.293401,*WRONG*
HUMEcnkvhJU,1230,?,S,0.562663,0.152373,0.562663,0.284964,*WRONG*
HUMEcnkvhJU,1236,?,S,0.550512,0.174348,0.550512,0.275140,*WRONG*
HUMEcnkvhJU,1242,?,S,0.524567,0.203091,0.524567,0.272342,*WRONG*
HUMEcnkvhJU,1248,?,S,0.516271,0.202115,0.516271,0.281613,*WRONG*
HUMEcnkvhJU,1254,?,S,0.506864,0.202043,0.506864,0.291093,*WRONG*
HUMEcnkvhJU,1260,?,S,0.502305,0.205313,0.502305,0.292383,*WRONG*
HUMEcnkvhJU,1266,?,S,0.506652,0.188463,0.506652,0.304885,*WRONG*
HUMEcnkvhJU,1272,?,S,0.509983,0.177367,0.509983,0.312650,*WRONG*
HUMEcnkvhJU,1278,?,S,0.453308,0.205971,0.453308,0.340721,*WRONG*
HUMEcnkvhJU,1284,?,S,0.465075,0.210895,0.465075,0.324030,*WRONG*
HUMEcnkvhJU,1290,?,S,0.545577,0.178526,0.545577,0.275897,*WRONG*
HUMEcnkvhJU,1296,?,S,0.534937,0.189946,0.534937,0.275117,*WRONG*
HUMEcnkvhJU,1302,?,S,0.500134,0.175607,0.500134,0.324258,*WRONG*
HUMEcnkvhJU,1308,?,S,0.497230,0.209162,0.497230,0.293607,*WRONG*
HUMEcnkvhJU,1314,?,S,0.515261,0.211553,0.515261,0.273186,*WRONG*
HUMEcnkvhJU,1320,?,S,0.546785,0.207785,0.546785,0.245430,*WRONG*
HUMEcnkvhJU,1326,?,S,0.569331,0.212411,0.569331,0.218258,*WRONG*
HUMEcnkvhJU,1332,?,S,0.571584,0.221850,0.571584,0.206566,*WRONG*
HUMEcnkvhJU,1338,?,S,0.580134,0.205529,0.580134,0.214337,*WRONG*
HUMEcnkvhJU,1344,?,S,0.571443,0.227821,0.571443,0.200736,*WRONG*
HUMEcnkvhJU,1350,?,S,0.579496,0.242907,0.579496,0.177597,*WRONG*
HUMEcnkvhJU,1356,?,S,0.588326,0.225068,0.588326,0.186606,*WRONG*
HUMEcnkvhJU,1362,?,S,0.586365,0.216853,0.586365,0.196782,*WRONG*
HUMEcnkvhJU,1368,?,S,0.591151,0.200839,0.591151,0.208010,*WRONG*
HUMEcnkvhJU,1374,?,S,0.580611,0.187658,0.580611,0.231732,*WRONG*
HUMEcnkvhJU,1380,?,S,0.566110,0.191955,0.566110,0.241934,*WRONG*
HUMEcnkvhJU,1386,?,S,0.560436,0.189597,0.560436,0.249967,*WRONG*
HUMEcnkvhJU,1392,?,S,0.573259,0.165800,0.573259,0.260941,*WRONG*
HUMEcnkvhJU,1398,?,S,0.529390,0.170683,0.529390,0.299927,*WRONG*
HUMEcnkvhJU,1404,?,S,0.473608,0.227201,0.473608,0.299191,*WRONG*
HUMEcnkvhJU,1410,?,S,0.566218,0.199047,0.566218,0.234734,*WRONG*
HUMEcnkvhJU,1416,?,S,0.577209,0.187915,0.577209,0.234876,*WRONG*
HUMEcnkvhJU,1422,?,S,0.548493,0.190154,0.548493,0.261353,*WRONG*
HUMEcnkvhJU,1428,?,S,0.561072,0.182686,0.561072,0.256242,*WRONG*
HUMEcnkvhJU,1434,?,S,0.547922,0.203517,0.547922,0.248561,*WRONG*
HUMEcnkvhJU,1440,?,S,0.526200,0.199069,0.526200,0.274731,*WRONG*
HUMEcnkvhJU,1446,?,S,0.513647,0.223971,0.513647,0.262382,*WRONG*
HUMEcnkvhJU,1452,?,S,0.542569,0.222432,0.542569,0.234999,*WRONG*
HUMEcnkvhJU,1458,?,S,0.536963,0.217302,0.536963,0.245735,*WRONG*
HUMEcnkvhJU,1464,?,S,0.536439,0.210456,0.536439,0.253106,*WRONG*
HUMEcnkvhJU,1470,?,S,0.555892,0.189389,0.555892,0.254719,*WRONG*
HUMEcnkvhJU,1476,?,S,0.536772,0.201687,0.536772,0.261541,*WRONG*
HUMEcnkvhJU,1482,?,S,0.524006,0.193306,0.524006,0.282689,*WRONG*
HUMEcnkvhJU,1488,?,S,0.524116,0.204250,0.524116,0.271635,*WRONG*
HUMEcnkvhJU,1494,?,S,0.581417,0.197272,0.581417,0.221311,*WRONG*
HUMEcnkvhJU,1500,?,S,0.561037,0.197017,0.561037,0.241946,*WRONG*
HUMEcnkvhJU,1506,?,S,0.530544,0.203095,0.530544,0.266361,*WRONG*
HUMEcnkvhJU,1512,?,S,0.625043,0.168623,0.625043,0.206334,*WRONG*
HUMEcnkvhJU,1518,?,S,0.559736,0.196452,0.559736,0.243811,*WRONG*
HUMEcnkvhJU,1524,?,S,0.563437,0.182904,0.563437,0.253658,*WRONG*
HUMEcnkvhJU,1530,?,S,0.607106,0.165389,0.607106,0.227505,*WRONG*
HUMEcnkvhJU,1536,?,S,0.626833,0.183066,0.626833,0.190101,*WRONG*
HUMEcnkvhJU,1542,?,S,0.589168,0.183045,0.589168,0.227787,*WRONG*
HUMEcnkvhJU,1548,?,S,0.625354,0.157248,0.625354,0.217398,*WRONG*
HUMEcnkvhJU,1554,?,S,0.586782,0.191737,0.586782,0.221480,*WRONG*
HUMEcnkvhJU,1560,?,S,0.560298,0.203913,0.560298,0.235789,*WRONG*
HUMEcnkvhJU,1566,?,S,0.561490,0.196575,0.561490,0.241935,*WRONG*
HUMEcnkvhJU,1572,?,S,0.575395,0.182671,0.575395,0.241935,*WRONG*
HUMEcnkvhJU,1578,?,S,0.542231,0.199441,0.542231,0.258328,*WRONG*
HUMEcnkvhJU,1584,?,S,0.495634,0.240628,0.495634,0.263738,*WRONG*
HUMEcnkvhJU,1590,?,S,0.499484,0.221783,0.499484,0.278734,*WRONG*
HUMEcnkvhJU,1596,?,S,0.461170,0.255675,0.461170,0.283156,*WRONG*
HUMEcnkvhJU,1602,?,S,0.489900,0.248440,0.489900,0.261660,*WRONG*
HUMEcnkvhJU,1608,?,S,0.413999,0.300138,0.413999,0.285863,*WRONG*
HUMEcnkvhJU,1614,?,S,0.350882,0.333240,0.350882,0.315879,*WRONG*
HUMEcnkvhJU,1620,?,S,0.346491,0.335265,0.346491,0.318244,*WRONG*
HUMEcnkvhJU,1626,?,S,0.373889,0.310892,0.373889,0.315218,*WRONG*
HUMEcnkvhJU,1632,?,S,0.397485,0.275788,0.397485,0.326727,*WRONG*
HUMEcnkvhJU,1638,?,S,0.379236,0.259833,0.379236,0.360931,*WRONG*
HUMEcnkvhJU,1644,?,S,0.396393,0.269345,0.396393,0.334262,*WRONG*
HUMEcnkvhJU,1650,?,S,0.387155,0.279269,0.387155,0.333577,*WRONG*
HUMEcnkvhJU,1656,?,S,0.411785,0.263321,0.411785,0.324893,*WRONG*
HUMEcnkvhJU,1662,?,S,0.432938,0.241366,0.432938,0.325696,*WRONG*
HUMEcnkvhJU,1668,?,S,0.397245,0.249295,0.397245,0.353459,*WRONG*
HUMEcnkvhJU,1674,?,S,0.411865,0.270551,0.411865,0.317584,*WRONG*
HUMEcnkvhJU,1680,?,S,0.420996,0.294985,0.420996,0.284020,*WRONG*
HUMEcnkvhJU,1686,?,S,0.437907,0.237337,0.437907,0.324756,*WRONG*
HUMEcnkvhJU,1692,?,S,0.443687,0.214688,0.443687,0.341625,*WRONG*
HUMEcnkvhJU,1698,?,S,0.440659,0.236135,0.440659,0.323206,*WRONG*
HUMEcnkvhJU,1704,?,S,0.433307,0.264993,0.433307,0.301700,*WRONG*
HUMEcnkvhJU,1710,?,S,0.439797,0.244909,0.439797,0.315294,*WRONG*
HUMEcnkvhJU,1716,?,S,0.467488,0.214886,0.467488,0.317627,*WRONG*
HUMEcnkvhJU,1722,?,S,0.461740,0.227734,0.461740,0.310526,*WRONG*
HUMEcnkvhJU,1728,?,S,0.509425,0.198607,0.509425,0.291967,*WRONG*
HUMEcnkvhJU,1734,?,S,0.542180,0.178574,0.542180,0.279246,*WRONG*
HUMEcnkvhJU,1740,?,S,0.523820,0.183574,0.523820,0.292606,*WRONG*
HUMEcnkvhJU,1746,?,S,0.544968,0.198833,0.544968,0.256199,*WRONG*
HUMEcnkvhJU,1752,?,S,0.568008,0.200173,0.568008,0.231819,*WRONG*
HUMEcnkvhJU,1758,?,S,0.563210,0.202104,0.563210,0.234685,*WRONG*
HUMEcnkvhJU,1764,?,S,0.536009,0.202477,0.536009,0.261514,*WRONG*
HUMEcnkvhJU,1770,?,S,0.530894,0.205823,0.530894,0.263283,*WRONG*
HUMEcnkvhJU,1776,?,S,0.556214,0.185724,0.556214,0.258062,*WRONG*
HUMEcnkvhJU,1782,?,S,0.532042,0.213537,0.532042,0.254422,*WRONG*
HUMEcnkvhJU,1788,?,S,0.489684,0.231480,0.489684,0.278836,*WRONG*
HUMEcnkvhJU,1794,?,S,0.495905,0.215448,0.495905,0.288647,*WRONG*
HUMEcnkvhJU,1800,?,S,0.525322,0.186207,0.525322,0.288472,*WRONG*
HUMEcnkvhJU,1806,?,S,0.527798,0.199812,0.527798,0.272391,*WRONG*
HUMEcnkvhJU,1812,?,S,0.529577,0.198940,0.529577,0.271483,*WRONG*
HUMEcnkvhJU,1818,?,S,0.519378,0.222848,0.519378,0.257775,*WRONG*
HUMEcnkvhJU,1824,?,S,0.457567,0.269840,0.457567,0.272592,*WRONG*
HUMEcnkvhJU,1830,?,S,0.489543,0.253666,0.489543,0.256792,*WRONG*
HUMEcnkvhJU,1836,?,S,0.503346,0.261567,0.503346,0.235087,*WRONG*
HUMEcnkvhJU,1842,?,S,0.532845,0.237613,0.532845,0.229542,*WRONG*
HUMEcnkvhJU,1848,?,S,0.525251,0.240980,0.525251,0.233769,*WRONG*
HUMEcnkvhJU,1854,?,S,0.499235,0.229115,0.499235,0.271650,*WRONG*
HUMEcnkvhJU,1860,?,S,0.522615,0.223496,0.522615,0.253889,*WRONG*
HUMEcnkvhJU,1866,?,S,0.512742,0.220911,0.512742,0.266348,*WRONG*
HUMEcnkvhJU,1872,?,S,0.538458,0.221070,0.538458,0.240472,*WRONG*
HUMEcnkvhJU,1878,?,S,0.560288,0.231153,0.560288,0.208559,*WRONG*
HUMEcnkvhJU,1884,?,S,0.508100,0.287760,0.508100,0.204139,*WRONG*
HUMEcnkvhJU,1890,?,S,0.531943,0.278812,0.531943,0.189246,*WRONG*
HUMEcnkvhJU,1896,?,S,0.521596,0.282098,0.521596,0.196306,*WRONG*
HUMEcnkvhJU,1902,?,S,0.529900,0.276816,0.529900,0.193284,*WRONG*
HUMEcnkvhJU,1908,?,S,0.534031,0.274909,0.534031,0.191061,*WRONG*
HUMEcnkvhJU,1914,?,S,0.552858,0.261224,0.552858,0.185918,*WRONG*
HUMEcnkvhJU,1920,?,S,0.541592,0.243552,0.541592,0.214856,*WRONG*
HUMEcnkvhJU,1926,?,S,0.539207,0.264188,0.539207,0.196605,*WRONG*
HUMEcnkvhJU,1932,?,S,0.537910,0.273864,0.537910,0.188226,*WRONG*
HUMEcnkvhJU,1938,?,S,0.534549,0.278533,0.534549,0.186918,*WRONG*
HUMEcnkvhJU,1944,?,S,0.526852,0.291495,0.526852,0.181652,*WRONG*
HUMEcnkvhJU,1950,?,S,0.528511,0.298308,0.528511,0.173181,*WRONG*
HUMEcnkvhJU,1956,?,S,0.527229,0.288316,0.527229,0.184455,*WRONG*
HUMEcnkvhJU,1962,?,S,0.530367,0.301916,0.530367,0.167717,*WRONG*
HUMEcnkvhJU,1968,?,S,0.509711,0.300714,0.509711,0.189576,*WRONG*
HUMEcnkvhJU,1974,?,S,0.505349,0.309112,0.505349,0.185539,*WRONG*
HUMEcnkvhJU,1980,?,S,0.491293,0.322646,0.491293,0.186061,*WRONG*
HUMEcnkvhJU,1986,?,S,0.490834,0.308451,0.490834,0.200715,*WRONG*
HUMEcnkvhJU,1992,?,S,0.532756,0.286979,0.532756,0.180265,*WRONG*
HUMEcnkvhJU,1998,?,S,0.509238,0.293895,0.509238,0.196866,*WRONG*
HUMEcnkvhJU,2004,?,S,0.453725,0.317454,0.453725,0.228821,*WRONG*
HUMEcnkvhJU,2010,?,S,0.399472,0.358066,0.399472,0.242462,*WRONG*
HUMEcnkvhJU,2016,?,S,0.410617,0.361855,0.410617,0.227528,*WRONG*
HUMEcnkvhJU,2022,?,S,0.427989,0.340003,0.427989,0.232007,*WRONG*
HUMEcnkvhJU,2028,?,S,0.439996,0.280470,0.439996,0.279534,*WRONG*
HUMEcnkvhJU,2034,?,S,0.438731,0.313655,0.438731,0.247613,*WRONG*
HUMEcnkvhJU,2040,?,S,0.438679,0.325818,0.438679,0.235502,*WRONG*
HUMEcnkvhJU,2046,?,S,0.454448,0.298174,0.454448,0.247378,*WRONG*
HUMEcnkvhJU,2052,?,S,0.411656,0.306571,0.411656,0.281772,*WRONG*
HUMEcnkvhJU,2058,?,S,0.409625,0.324739,0.409625,0.265635,*WRONG*
HUMEcnkvhJU,2064,?,S,0.394767,0.349513,0.394767,0.255720,*WRONG*
HUMEcnkvhJU,2070,?,S,0.385961,0.363282,0.385961,0.250756,*WRONG*
HUMEcnkvhJU,2076,?,S,0.386378,0.350215,0.386378,0.263407,*WRONG*
HUMEcnkvhJU,2082,?,S,0.389594,0.327356,0.389594,0.283050,*WRONG*
HUMEcnkvhJU,2088,?,S,0.397236,0.339041,0.397236,0.263723,*WRONG*
HUMEcnkvhJU,2094,?,S,0.400732,0.338319,0.400732,0.260949,*WRONG*
HUMEcnkvhJU,2100,?,S,0.398460,0.323681,0.398460,0.277859,*WRONG*
HUMEcnkvhJU,2106,?,S,0.432990,0.263039,0.432990,0.303971,*WRONG*
HUMEcnkvhJU,2112,?,S,0.428851,0.271823,0.428851,0.299327,*WRONG*
HUMEcnkvhJU,2118,?,S,0.485242,0.246488,0.485242,0.268270,*WRONG*
HUMEcnkvhJU,2124,?,S,0.524180,0.217401,0.524180,0.258418,*WRONG*
HUMEcnkvhJU,2130,?,S,0.535944,0.209214,0.535944,0.254842,*WRONG*
HUMEcnkvhJU,2136,?,S,0.534357,0.218822,0.534357,0.246821,*WRONG*
HUMEcnkvhJU,2142,?,S,0.513682,0.240764,0.513682,0.245554,*WRONG*
HUMEcnkvhJU,2148,?,S,0.511186,0.240469,0.511186,0.248345,*WRONG*
HUMEcnkvhJU,2154,?,S,0.501066,0.237047,0.501066,0.261886,*WRONG*
HUMEcnkvhJU,2160,?,S,0.511328,0.222904,0.511328,0.265767,*WRONG*
HUMEcnkvhJU,2166,?,S,0.494160,0.218428,0.494160,0.287413,*WRONG*
HUMEcnkvhJU,2172,?,S,0.499218,0.209823,0.499218,0.290959,*WRONG*
HUMEcnkvhJU,2178,?,S,0.523881,0.188356,0.523881,0.287764,*WRONG*
HUMEcnkvhJU,2184,?,S,0.493038,0.213041,0.493038,0.293921,*WRONG*
HUMEcnkvhJU,2190,?,S,0.511876,0.201698,0.511876,0.286426,*WRONG*
HUMEcnkvhJU,2196,?,S,0.497202,0.214596,0.497202,0.288201,*WRONG*
HUMEcnkvhJU,2202,?,S,0.481939,0.228920,0.481939,0.289141,*WRONG*
HUMEcnkvhJU,2208,?,S,0.471075,0.234282,0.471075,0.294643,*WRONG*
HUMEcnkvhJU,2214,?,S,0.482303,0.216181,0.482303,0.301516,*WRONG*
HUMEcnkvhJU,2220,?,S,0.449704,0.208136,0.449704,0.342160,*WRONG*
HUMEcnkvhJU,2226,?,S,0.449863,0.189797,0.449863,0.360340,*WRONG*
HUMEcnkvhJU,2232,?,S,0.455624,0.188811,0.455624,0.355565,*WRONG*
HUMEcnkvhJU,2238,?,S,0.440993,0.211986,0.440993,0.347022,*WRONG*
HUMEcnkvhJU,2244,?,S,0.444256,0.222586,0.444256,0.333158,*WRONG*
HUMEcnkvhJU,2250,?,S,0.461283,0.215020,0.461283,0.323698,*WRONG*
HUMEcnkvhJU,2256,?,S,0.463656,0.222529,0.463656,0.313815,*WRONG*
HUMEcnkvhJU,2262,?,S,0.481196,0.213444,0.481196,0.305360,*WRONG*
HUMEcnkvhJU,2268,?,S,0.495829,0.205694,0.495829,0.298477,*WRONG*
HUMEcnkvhJU,2274,?,S,0.516259,0.209825,0.516259,0.273917,*WRONG*
HUMEcnkvhJU,2280,?,S,0.505359,0.216554,0.505359,0.278088,*WRONG*
HUMEcnkvhJU,2286,?,S,0.537374,0.207503,0.537374,0.255123,*WRONG*
HUMEcnkvhJU,2292,?,S,0.529375,0.244093,0.529375,0.226532,*WRONG*
HUMEcnkvhJU,2298,?,S,0.516504,0.236588,0.516504,0.246908,*WRONG*
HUMEcnkvhJU,2304,?,S,0.506388,0.230777,0.506388,0.262836,*WRONG*
HUMEcnkvhJU,2310,?,S,0.490355,0.236833,0.490355,0.272812,*WRONG*
HUMEcnkvhJU,2316,?,S,0.492658,0.237047,0.492658,0.270294,*WRONG*
HUMEcnkvhJU,2322,?,S,0.513497,0.251862,0.513497,0.234642,*WRONG*
HUMEcnkvhJU,2328,?,S,0.451603,0.270632,0.451603,0.277765,*WRONG*
HUMEcnkvhJU,2334,?,S,0.493843,0.261453,0.493843,0.244704,*WRONG*
HUMEcnkvhJU,2340,?,S,0.495945,0.271718,0.495945,0.232337,*WRONG*
HUMEcnkvhJU,2346,?,S,0.469590,0.292843,0.469590,0.237568,*WRONG*
HUMEcnkvhJU,2352,?,S,0.529768,0.242959,0.529768,0.227274,*WRONG*
HUMEcnkvhJU,2358,?,S,0.497854,0.254107,0.497854,0.248039,*WRONG*
HUMEcnkvhJU,2364,?,S,0.516692,0.255678,0.516692,0.227630,*WRONG*
HUMEcnkvhJU,2370,?,S,0.515636,0.256509,0.515636,0.227855,*WRONG*
HUMEcnkvhJU,2376,?,S,0.538560,0.253342,0.538560,0.208097,*WRONG*
HUMEcnkvhJU,2382,?,S,0.556817,0.235258,0.556817,0.207925,*WRONG*
HUMEcnkvhJU,2388,?,S,0.570885,0.226543,0.570885,0.202572,*WRONG*
HUMEcnkvhJU,2394,?,S,0.624337,0.202470,0.624337,0.173193,*WRONG*
HUMEcnkvhJU,2400,?,S,0.631334,0.211819,0.631334,0.156847,*WRONG*
HUMEcnkvhJU,2406,?,S,0.597670,0.232087,0.597670,0.170242,*WRONG*
HUMEcnkvhJU,2412,?,S,0.608674,0.233527,0.608674,0.157798,*WRONG*
HUMEcnkvhJU,2418,?,S,0.577412,0.261139,0.577412,0.161448,*WRONG*
HUMEcnkvhJU,2424,?,S,0.573528,0.249013,0.573528,0.177459,*WRONG*
HUMEcnkvhJU,2430,?,S,0.601624,0.211852,0.601624,0.186524,*WRONG*
HUMEcnkvhJU,2436,?,S,0.621986,0.195559,0.621986,0.182455,*WRONG*
HUMEcnkvhJU,2442,?,S,0.573651,0.220335,0.573651,0.206014,*WRONG*
HUMEcnkvhJU,2448,?,S,0.593391,0.194146,0.593391,0.212463,*WRONG*
HUMEcnkvhJU,2454,?,S,0.618886,0.181588,0.618886,0.199526,*WRONG*
HUMEcnkvhJU,2460,?,S,0.556774,0.214251,0.556774,0.228975,*WRONG*
HUMEcnkvhJU,2466,?,S,0.562793,0.217442,0.562793,0.219765,*WRONG*
HUMEcnkvhJU,2472,?,S,0.592507,0.202460,0.592507,0.205033,*WRONG*
HUMEcnkvhJU,2478,?,S,0.574112,0.223398,0.574112,0.202490,*WRONG*
HUMEcnkvhJU,2484,?,S,0.551682,0.198861,0.551682,0.249457,*WRONG*
HUMEcnkvhJU,2490,?,S,0.548474,0.191937,0.548474,0.259589,*WRONG*
HUMEcnkvhJU,2496,?,S,0.558564,0.195381,0.558564,0.246055,*WRONG*
HUMEcnkvhJU,2502,?,S,0.581431,0.201011,0.581431,0.217558,*WRONG*
HUMEcnkvhJU,2508,?,S,0.626851,0.171618,0.626851,0.201532,*WRONG*
HUMEcnkvhJU,2514,?,S,0.591622,0.201661,0.591622,0.206717,*WRONG*
HUMEcnkvhJU,2520,?,S,0.562601,0.208638,0.562601,0.228761,*WRONG*
HUMEcnkvhJU,2526,?,S,0.497584,0.276311,0.497584,0.226105,*WRONG*
HUMEcnkvhJU,2532,?,S,0.513614,0.268338,0.513614,0.218048,*WRONG*
HUMEcnkvhJU,2538,?,S,0.436537,0.297096,0.436537,0.266367,*WRONG*
HUMEcnkvhJU,2544,?,S,0.444828,0.286871,0.444828,0.268301,*WRONG*
HUMEcnkvhJU,2550,?,S,0.443783,0.296334,0.443783,0.259883,*WRONG*
HUMEcnkvhJU,2556,?,S,0.432772,0.282048,0.432772,0.285179,*WRONG*
HUMEcnkvhJU,2562,?,S,0.435964,0.252196,0.435964,0.311840,*WRONG*
HUMEcnkvhJU,2568,?,S,0.454209,0.291760,0.454209,0.254031,*WRONG*
HUMEcnkvhJU,2574,?,S,0.517401,0.252647,0.517401,0.229952,*WRONG*
HUMEcnkvhJU,2580,?,S,0.506109,0.263219,0.506109,0.230672,*WRONG*
HUMEcnkvhJU,2586,?,S,0.523164,0.245561,0.523164,0.231275,*WRONG*
HUMEcnkvhJU,2592,?,S,0.504655,0.248724,0.504655,0.246621,*WRONG*
HUMEcnkvhJU,2598,?,S,0.511087,0.237742,0.511087,0.251171,*WRONG*
HUMEcnkvhJU,2604,?,S,0.501583,0.247267,0.501583,0.251151,*WRONG*
HUMEcnkvhJU,2610,?,S,0.521986,0.223705,0.521986,0.254310,*WRONG*
HUMEcnkvhJU,2616,?,S,0.509830,0.237393,0.509830,0.252777,*WRONG*
HUMEcnkvhJU,2622,?,S,0.509887,0.243802,0.509887,0.246311,*WRONG*
HUMEcnkvhJU,2628,?,S,0.484529,0.219094,0.484529,0.296377,*WRONG*
HUMEcnkvhJU,2634,?,S,0.455075,0.214096,0.455075,0.330829,*WRONG*
HUMEcnkvhJU,2640,?,S,0.459247,0.188514,0.459247,0.352238,*WRONG*
HUMEcnkvhJU,2646,?,n,0.427215,0.166519,0.406266,0.427215,*WRONG*
HUMEcnkvhJU,2652,?,n,0.470607,0.189548,0.339846,0.470607,*WRONG*
HUMEcnkvhJU,2658,?,n,0.466091,0.186246,0.347662,0.466091,*WRONG*
HUMEcnkvhJU,2664,?,n,0.489651,0.193694,0.316655,0.489651,*WRONG*
HUMEcnkvhJU,2670,?,n,0.406563,0.249317,0.344120,0.406563,*WRONG*
HUMEcnkvhJU,2676,?,n,0.391837,0.264727,0.343435,0.391837,*WRONG*
HUMEcnkvhJU,2682,?,n,0.444572,0.258910,0.296518,0.444572,*WRONG*
HUMEcnkvhJU,2688,?,n,0.372030,0.291435,0.336535,0.372030,*WRONG*
HUMEcnkvhJU,2694,?,S,0.408506,0.203087,0.408506,0.388407,*WRONG*
HUMEcnkvhJU,2700,?,n,0.411198,0.184541,0.404261,0.411198,*WRONG*
HUMEcnkvhJU,2706,?,S,0.428015,0.188960,0.428015,0.383025,*WRONG*
HUMEcnkvhJU,2712,?,S,0.402234,0.259088,0.402234,0.338678,*WRONG*
HUMEcnkvhJU,2718,?,S,0.449986,0.231847,0.449986,0.318167,*WRONG*
HUMEcnkvhJU,2724,?,S,0.539031,0.183767,0.539031,0.277202,*WRONG*
HUMEcnkvhJU,2730,?,S,0.490726,0.158368,0.490726,0.350906,*WRONG*
HUMEcnkvhJU,2736,?,S,0.487666,0.184051,0.487666,0.328283,*WRONG*
HUMEcnkvhJU,2742,?,S,0.544087,0.147913,0.544087,0.308000,*WRONG*
HUMEcnkvhJU,2748,?,S,0.471623,0.170752,0.471623,0.357625,*WRONG*
HUMEcnkvhJU,2754,?,S,0.493648,0.168245,0.493648,0.338106,*WRONG*
HUMEcnkvhJU,2760,?,S,0.494461,0.183531,0.494461,0.322008,*WRONG*
HUMEcnkvhJU,2766,?,S,0.473146,0.209110,0.473146,0.317744,*WRONG*
HUMEcnkvhJU,2772,?,S,0.512177,0.229962,0.512177,0.257861,*WRONG*
HUMEcnkvhJU,2778,?,S,0.443746,0.296243,0.443746,0.260011,*WRONG*
HUMEcnkvhJU,2784,?,S,0.428807,0.349490,0.428807,0.221703,*WRONG*
HUMEcnkvhJU,2790,?,S,0.466557,0.308859,0.466557,0.224584,*WRONG*
HUMEcnkvhJU,2796,?,S,0.497454,0.285499,0.497454,0.217047,*WRONG*
HUMEcnkvhJU,2802,?,S,0.522476,0.272077,0.522476,0.205447,*WRONG*
HUMEcnkvhJU,2808,?,S,0.544324,0.236329,0.544324,0.219347,*WRONG*
HUMEcnkvhJU,2814,?,S,0.536658,0.241684,0.536658,0.221658,*WRONG*
HUMEcnkvhJU,2820,?,S,0.539531,0.256155,0.539531,0.204314,*WRONG*
HUMEcnkvhJU,2826,?,S,0.474774,0.281114,0.474774,0.244112,*WRONG*
HUMEcnkvhJU,2832,?,S,0.423022,0.322693,0.423022,0.254285,*WRONG*
HUMEcnkvhJU,2838,?,S,0.393734,0.357954,0.393734,0.248312,*WRONG*
HUMEcnkvhJU,2844,?,S,0.399902,0.361394,0.399902,0.238704,*WRONG*
HUMEcnkvhJU,2850,?,S,0.396101,0.359622,0.396101,0.244277,*WRONG*
HUMEcnkvhJU,2856,?,S,0.430243,0.341383,0.430243,0.228374,*WRONG*
HUMEcnkvhJU,2862,?,S,0.444275,0.325273,0.444275,0.230452,*WRONG*
HUMEcnkvhJU,2868,?,S,0.432794,0.314083,0.432794,0.253123,*WRONG*
HUMEcnkvhJU,2874,?,S,0.417939,0.313305,0.417939,0.268756,*WRONG*
HUMEcnkvhJU,2880,?,S,0.425516,0.296679,0.425516,0.277805,*WRONG*
HUMEcnkvhJU,2886,?,S,0.421494,0.286479,0.421494,0.292027,*WRONG*
HUMEcnkvhJU,2892,?,S,0.379311,0.314152,0.379311,0.306536,*WRONG*
HUMEcnkvhJU,2898,?,S,0.395077,0.314810,0.395077,0.290113,*WRONG*
HUMEcnkvhJU,2904,?,S,0.388643,0.318509,0.388643,0.292848,*WRONG*
HUMEcnkvhJU,2910,?,S,0.439342,0.285354,0.439342,0.275305,*WRONG*
HUMEcnkvhJU,2916,?,S,0.448954,0.279777,0.448954,0.271269,*WRONG*
HUMEcnkvhJU,2922,?,S,0.451345,0.277154,0.451345,0.271500,*WRONG*
HUMEcnkvhJU,2928,?,S,0.424337,0.280388,0.424337,0.295275,*WRONG*
HUMEcnkvhJU,2934,?,S,0.416857,0.265397,0.416857,0.317746,*WRONG*
HUMEcnkvhJU,2940,?,S,0.441599,0.254248,0.441599,0.304153,*WRONG*
HUMEcnkvhJU,2946,?,S,0.451226,0.243135,0.451226,0.305639,*WRONG*
HUMEcnkvhJU,2952,?,S,0.440018,0.236830,0.440018,0.323152,*WRONG*
HUMEcnkvhJU,2958,?,S,0.498304,0.237355,0.498304,0.264341,*WRONG*
HUMEcnkvhJU,2964,?,S,0.487808,0.213752,0.487808,0.298439,*WRONG*
HUMEcnkvhJU,2970,?,S,0.531618,0.225282,0.531618,0.243100,*WRONG*
HUMEcnkvhJU,2976,?,S,0.578144,0.235621,0.578144,0.186235,*WRONG*
HUMEcnkvhJU,2982,?,S,0.549611,0.230565,0.549611,0.219824,*WRONG*
HUMEcnkvhJU,2988,?,S,0.551104,0.233382,0.551104,0.215514,*WRONG*
HUMEcnkvhJU,2994,?,S,0.555664,0.226010,0.555664,0.218325,*WRONG*
HUMEcnkvhJU,3000,?,S,0.504100,0.251580,0.504100,0.244320,*WRONG*
HUMEcnkvhJU,3006,?,S,0.517452,0.234740,0.517452,0.247808,*WRONG*
HUMEcnkvhJU,3012,?,S,0.491334,0.237401,0.491334,0.271265,*WRONG*
HUMEcnkvhJU,3018,?,S,0.453189,0.260538,0.453189,0.286273,*WRONG*
HUMEcnkvhJU,3024,?,S,0.459697,0.243081,0.459697,0.297222,*WRONG*
HUMEcnkvhJU,3030,?,S,0.491561,0.257221,0.491561,0.251218,*WRONG*
HUMEcnkvhJU,3036,?,S,0.531351,0.264467,0.531351,0.204182,*WRONG*
HUMEcnkvhJU,3042,?,S,0.569415,0.254452,0.569415,0.176133,*WRONG*
HUMEcnkvhJU,3048,?,S,0.535772,0.252911,0.535772,0.211317,*WRONG*
HUMEcnkvhJU,3054,?,S,0.521142,0.243025,0.521142,0.235832,*WRONG*
HUMEcnkvhJU,3060,?,S,0.495102,0.233658,0.495102,0.271240,*WRONG*
HUMEcnkvhJU,3066,?,S,0.542103,0.211421,0.542103,0.246477,*WRONG*
HUMEcnkvhJU,3072,?,S,0.566521,0.187245,0.566521,0.246234,*WRONG*
HUMEcnkvhJU,3078,?,S,0.581152,0.180335,0.581152,0.238512,*WRONG*
HUMEcnkvhJU,3084,?,S,0.569313,0.215067,0.569313,0.215620,*WRONG*
HUMEcnkvhJU,3090,?,S,0.578703,0.222553,0.578703,0.198744,*WRONG*
HUMEcnkvhJU,3096,?,S,0.588080,0.229015,0.588080,0.182905,*WRONG*
HUMEcnkvhJU,3102,?,S,0.594424,0.225881,0.594424,0.179695,*WRONG*
HUMEcnkvhJU,3108,?,S,0.523532,0.252464,0.523532,0.224004,*WRONG*
HUMEcnkvhJU,3114,?,S,0.469960,0.250970,0.469960,0.279070,*WRONG*
HUMEcnkvhJU,3120,?,S,0.440194,0.242680,0.440194,0.317126,*WRONG*
HUMEcnkvhJU,3126,?,S,0.473663,0.239979,0.473663,0.286357,*WRONG*
HUMEcnkvhJU,3132,?,S,0.560608,0.226376,0.560608,0.213016,*WRONG*
HUMEcnkvhJU,3138,?,S,0.603249,0.187515,0.603249,0.209236,*WRONG*
HUMEcnkvhJU,3144,?,S,0.601920,0.170506,0.601920,0.227573,*WRONG*
HUMEcnkvhJU,3150,?,S,0.588429,0.169998,0.588429,0.241573,*WRONG*
HUMEcnkvhJU,3156,?,S,0.557610,0.196534,0.557610,0.245856,*WRONG*
HUMEcnkvhJU,3162,?,S,0.517050,0.201904,0.517050,0.281046,*WRONG*
HUMEcnkvhJU,3168,?,S,0.486810,0.206082,0.486810,0.307108,*WRONG*
HUMEcnkvhJU,3174,?,S,0.505866,0.190200,0.505866,0.303934,*WRONG*
HUMEcnkvhJU,3180,?,S,0.576224,0.159306,0.576224,0.264470,*WRONG*
HUMEcnkvhJU,3186,?,S,0.492516,0.226344,0.492516,0.281140,*WRONG*
HUMEcnkvhJU,3192,?,S,0.501289,0.186835,0.501289,0.311876,*WRONG*
HUMEcnkvhJU,3198,?,S,0.471068,0.179632,0.471068,0.349300,*WRONG*
HUMEcnkvhJU,3204,?,S,0.485168,0.193207,0.485168,0.321625,*WRONG*
HUMEcnkvhJU,3210,?,S,0.458987,0.215284,0.458987,0.325729,*WRONG*
HUMEcnkvhJU,3216,?,S,0.457586,0.204139,0.457586,0.338276,*WRONG*
HUMEcnkvhJU,3222,?,S,0.468492,0.188917,0.468492,0.342590,*WRONG*
HUMEcnkvhJU,3228,?,S,0.511058,0.199556,0.511058,0.289387,*WRONG*
HUMEcnkvhJU,3234,?,S,0.490428,0.200618,0.490428,0.308954,*WRONG*
HUMEcnkvhJU,3240,?,S,0.505505,0.206257,0.505505,0.288238,*WRONG*
HUMEcnkvhJU,3246,?,S,0.490317,0.234907,0.490317,0.274776,*WRONG*
HUMEcnkvhJU,3252,?,S,0.387601,0.319559,0.387601,0.292840,*WRONG*
HUMEcnkvhJU,3258,?,S,0.433187,0.299879,0.433187,0.266934,*WRONG*
HUMEcnkvhJU,3264,?,S,0.429738,0.269500,0.429738,0.300762,*WRONG*
HUMEcnkvhJU,3270,?,S,0.447471,0.252745,0.447471,0.299783,*WRONG*
HUMEcnkvhJU,3276,?,S,0.361619,0.294145,0.361619,0.344236,*WRONG*
HUMEcnkvhJU,3282,?,S,0.394570,0.257451,0.394570,0.347979,*WRONG*
HUMEcnkvhJU,3288,?,S,0.387692,0.287598,0.387692,0.324710,*WRONG*
HUMEcnkvhJU,3294,?,S,0.406021,0.298800,0.406021,0.295179,*WRONG*
HUMEcnkvhJU,3300,?,S,0.438975,0.287467,0.438975,0.273558,*WRONG*
HUMEcnkvhJU,3306,?,S,0.434203,0.299396,0.434203,0.266401,*WRONG*
HUMEcnkvhJU,3312,?,S,0.451856,0.275856,0.451856,0.272288,*WRONG*
HUMEcnkvhJU,3318,?,S,0.445699,0.265475,0.445699,0.288826,*WRONG*
HUMEcnkvhJU,3324,?,S,0.434776,0.242012,0.434776,0.323212,*WRONG*
HUMEcnkvhJU,3330,?,S,0.430281,0.262324,0.430281,0.307394,*WRONG*
HUMEcnkvhJU,3336,?,S,0.432667,0.258473,0.432667,0.308860,*WRONG*
HUMEcnkvhJU,3342,?,S,0.456511,0.240017,0.456511,0.303472,*WRONG*
HUMEcnkvhJU,3348,?,S,0.452371,0.212319,0.452371,0.335310,*WRONG*
HUMEcnkvhJU,3354,?,S,0.459505,0.207169,0.459505,0.333326,*WRONG*
HUMEcnkvhJU,3360,?,S,0.438463,0.224897,0.438463,0.336641,*WRONG*
HUMEcnkvhJU,3366,?,S,0.433141,0.256420,0.433141,0.310439,*WRONG*
HUMEcnkvhJU,3372,?,S,0.446376,0.231702,0.446376,0.321922,*WRONG*
HUMEcnkvhJU,3378,?,S,0.446769,0.217063,0.446769,0.336168,*WRONG*
HUMEcnkvhJU,3384,?,S,0.421196,0.243215,0.421196,0.335589,*WRONG*
HUMEcnkvhJU,3390,?,S,0.463566,0.221611,0.463566,0.314823,*WRONG*
HUMEcnkvhJU,3396,?,S,0.545029,0.195854,0.545029,0.259117,*WRONG*
HUMEcnkvhJU,3402,?,S,0.530523,0.221075,0.530523,0.248403,*WRONG*
HUMEcnkvhJU,3408,?,S,0.508524,0.241658,0.508524,0.249817,*WRONG*
HUMEcnkvhJU,3414,?,S,0.458867,0.266926,0.458867,0.274207,*WRONG*
HUMEcnkvhJU,3420,?,S,0.404211,0.294853,0.404211,0.300936,*WRONG*
HUMEcnkvhJU,3426,?,S,0.419731,0.290965,0.419731,0.289303,*WRONG*
HUMEcnkvhJU,3432,?,S,0.464704,0.244674,0.464704,0.290623,*WRONG*
HUMEcnkvhJU,3438,?,S,0.487983,0.256160,0.487983,0.255857,*WRONG*
HUMEcnkvhJU,3444,?,S,0.476187,0.251833,0.476187,0.271980,*WRONG*
HUMEcnkvhJU,3450,?,S,0.475048,0.279317,0.475048,0.245635,*WRONG*
HUMEcnkvhJU,3456,?,S,0.457269,0.246472,0.457269,0.296259,*WRONG*
HUMEcnkvhJU,3462,?,S,0.485865,0.250854,0.485865,0.263281,*WRONG*
HUMEcnkvhJU,3468,?,S,0.477630,0.260823,0.477630,0.261547,*WRONG*
HUMEcnkvhJU,3474,?,S,0.472687,0.255535,0.472687,0.271777,*WRONG*
HUMEcnkvhJU,3480,?,S,0.478698,0.265149,0.478698,0.256153,*WRONG*
HUMEcnkvhJU,3486,?,S,0.457292,0.266782,0.457292,0.275926,*WRONG*
HUMEcnkvhJU,3492,?,S,0.510491,0.231679,0.510491,0.257829,*WRONG*
HUMEcnkvhJU,3498,?,S,0.550070,0.233962,0.550070,0.215968,*WRONG*
HUMEcnkvhJU,3504,?,S,0.518598,0.247689,0.518598,0.233713,*WRONG*
HUMEcnkvhJU,3510,?,S,0.504472,0.259665,0.504472,0.235863,*WRONG*
HUMEcnkvhJU,3516,?,S,0.434042,0.286556,0.434042,0.279402,*WRONG*
HUMEcnkvhJU,3522,?,S,0.398488,0.283949,0.398488,0.317563,*WRONG*
HUMEcnkvhJU,3528,?,S,0.380237,0.314787,0.380237,0.304976,*WRONG*
HUMEcnkvhJU,3534,?,S,0.375389,0.330032,0.375389,0.294579,*WRONG*
HUMEcnkvhJU,3540,?,S,0.436338,0.283512,0.436338,0.280149,*WRONG*
HUMEcnkvhJU,3546,?,S,0.434267,0.302099,0.434267,0.263634,*WRONG*
HUMEcnkvhJU,3552,?,S,0.395653,0.291873,0.395653,0.312474,*WRONG*
HUMEcnkvhJU,3558,?,S,0.381505,0.272140,0.381505,0.346355,*WRONG*
HUMEcnkvhJU,3564,?,S,0.377149,0.283939,0.377149,0.338912,*WRONG*
HUMEcnkvhJU,3570,?,S,0.410757,0.224740,0.410757,0.364502,*WRONG*
HUMEcnkvhJU,3576,?,S,0.510785,0.215503,0.510785,0.273712,*WRONG*
HUMEcnkvhJU,3582,?,S,0.570718,0.213150,0.570718,0.216132,*WRONG*
HUMEcnkvhJU,3588,?,S,0.513497,0.226441,0.513497,0.260061,*WRONG*
HUMEcnkvhJU,3594,?,S,0.550823,0.204317,0.550823,0.244860,*WRONG*
HUMEcnkvhJU,3600,?,S,0.521233,0.245493,0.521233,0.233274,*WRONG*
HUMEcnkvhJU,3606,?,S,0.562578,0.209956,0.562578,0.227466,*WRONG*
HUMEcnkvhJU,3612,?,S,0.453807,0.266967,0.453807,0.279226,*WRONG*
HUMEcnkvhJU,3618,?,S,0.521542,0.228887,0.521542,0.249571,*WRONG*
HUMEcnkvhJU,3624,?,S,0.556995,0.209026,0.556995,0.233979,*WRONG*
HUMEcnkvhJU,3630,?,S,0.554447,0.208561,0.554447,0.236992,*WRONG*
HUMEcnkvhJU,3636,?,S,0.523859,0.230092,0.523859,0.246049,*WRONG*
HUMEcnkvhJU,3642,?,S,0.517709,0.239020,0.517709,0.243271,*WRONG*
HUMEcnkvhJU,3648,?,S,0.506944,0.237038,0.506944,0.256018,*WRONG*
HUMEcnkvhJU,3654,?,S,0.501753,0.205511,0.501753,0.292736,*WRONG*
HUMEcnkvhJU,3660,?,S,0.518512,0.211500,0.518512,0.269987,*WRONG*
HUMEcnkvhJU,3666,?,S,0.480653,0.231404,0.480653,0.287943,*WRONG*
HUMEcnkvhJU,3672,?,S,0.483582,0.248181,0.483582,0.268237,*WRONG*
HUMEcnkvhJU,3678,?,S,0.469637,0.248656,0.469637,0.281708,*WRONG*
HUMEcnkvhJU,3684,?,S,0.440699,0.273780,0.440699,0.285521,*WRONG*
HUMEcnkvhJU,3690,?,S,0.461026,0.264447,0.461026,0.274527,*WRONG*
