video_id,frame_number,groundtruth_label,predicted_label,predicted_label_probability,probability_P,probability_S,probability_n,mismatch_flag
rjmKJKG5Nx0,0,?,n,0.725854,0.137391,0.136755,0.725854,*WRONG*
rjmKJKG5Nx0,6,?,n,0.732268,0.136110,0.131622,0.732268,*WRONG*
rjmKJKG5Nx0,12,?,n,0.749024,0.128682,0.122294,0.749024,*WRONG*
rjmKJKG5Nx0,18,?,n,0.749127,0.131677,0.119196,0.749127,*WRONG*
rjmKJKG5Nx0,24,?,n,0.677697,0.152279,0.170023,0.677697,*WRONG*
rjmKJKG5Nx0,30,?,n,0.667670,0.143533,0.188797,0.667670,*WRONG*
rjmKJKG5Nx0,36,?,n,0.682571,0.141750,0.175679,0.682571,*WRONG*
rjmKJKG5Nx0,42,?,n,0.693591,0.143582,0.162827,0.693591,*WRONG*
rjmKJKG5Nx0,48,?,n,0.702929,0.147018,0.150053,0.702929,*WRONG*
rjmKJKG5Nx0,54,?,n,0.701870,0.156385,0.141745,0.701870,*WRONG*
rjmKJKG5Nx0,60,?,n,0.697385,0.167470,0.135145,0.697385,*WRONG*
rjmKJKG5Nx0,66,?,n,0.672109,0.192373,0.135518,0.672109,*WRONG*
rjmKJKG5Nx0,72,?,n,0.623969,0.223765,0.152266,0.623969,*WRONG*
rjmKJKG5Nx0,78,?,n,0.617073,0.227147,0.155779,0.617073,*WRONG*
rjmKJKG5Nx0,84,?,n,0.613408,0.228467,0.158125,0.613408,*WRONG*
rjmKJKG5Nx0,90,?,n,0.609148,0.230900,0.159952,0.609148,*WRONG*
rjmKJKG5Nx0,96,?,n,0.605651,0.230719,0.163630,0.605651,*WRONG*
rjmKJKG5Nx0,102,?,n,0.516685,0.288539,0.194776,0.516685,*WRONG*
rjmKJKG5Nx0,108,?,n,0.475708,0.315673,0.208619,0.475708,*WRONG*
rjmKJKG5Nx0,114,?,n,0.425350,0.353987,0.220662,0.425350,*WRONG*
rjmKJKG5Nx0,120,?,n,0.406290,0.371649,0.222061,0.406290,*WRONG*
rjmKJKG5Nx0,126,?,n,0.398675,0.355516,0.245810,0.398675,*WRONG*
rjmKJKG5Nx0,132,?,n,0.449517,0.355104,0.195379,0.449517,*WRONG*
rjmKJKG5Nx0,138,?,n,0.496430,0.240210,0.263360,0.496430,*WRONG*
rjmKJKG5Nx0,144,?,n,0.502218,0.208142,0.289640,0.502218,*WRONG*
rjmKJKG5Nx0,150,?,n,0.475486,0.241351,0.283163,0.475486,*WRONG*
rjmKJKG5Nx0,156,?,n,0.488108,0.224133,0.287759,0.488108,*WRONG*
rjmKJKG5Nx0,162,?,n,0.486354,0.233313,0.280332,0.486354,*WRONG*
rjmKJKG5Nx0,168,?,n,0.510076,0.255854,0.234070,0.510076,*WRONG*
rjmKJKG5Nx0,174,?,n,0.452726,0.294097,0.253176,0.452726,*WRONG*
rjmKJKG5Nx0,180,?,n,0.444359,0.287082,0.268560,0.444359,*WRONG*
rjmKJKG5Nx0,186,?,n,0.510250,0.269673,0.220076,0.510250,*WRONG*
rjmKJKG5Nx0,192,?,n,0.484696,0.305285,0.210019,0.484696,*WRONG*
rjmKJKG5Nx0,198,?,n,0.459326,0.329781,0.210892,0.459326,*WRONG*
rjmKJKG5Nx0,204,?,n,0.482566,0.294821,0.222613,0.482566,*WRONG*
rjmKJKG5Nx0,210,?,n,0.555733,0.205641,0.238626,0.555733,*WRONG*
rjmKJKG5Nx0,216,?,n,0.522583,0.231958,0.245459,0.522583,*WRONG*
rjmKJKG5Nx0,222,?,n,0.547702,0.207044,0.245254,0.547702,*WRONG*
rjmKJKG5Nx0,228,?,n,0.561946,0.209765,0.228290,0.561946,*WRONG*
rjmKJKG5Nx0,234,?,n,0.520325,0.257155,0.222520,0.520325,*WRONG*
rjmKJKG5Nx0,240,?,n,0.556527,0.250131,0.193342,0.556527,*WRONG*
rjmKJKG5Nx0,246,?,n,0.503469,0.273271,0.223260,0.503469,*WRONG*
rjmKJKG5Nx0,252,?,n,0.461678,0.300454,0.237868,0.461678,*WRONG*
rjmKJKG5Nx0,258,?,n,0.460549,0.333315,0.206136,0.460549,*WRONG*
rjmKJKG5Nx0,264,?,n,0.455154,0.340150,0.204697,0.455154,*WRONG*
rjmKJKG5Nx0,270,?,n,0.437409,0.363911,0.198680,0.437409,*WRONG*
rjmKJKG5Nx0,276,?,n,0.434452,0.390747,0.174801,0.434452,*WRONG*
rjmKJKG5Nx0,282,?,n,0.419028,0.399490,0.181482,0.419028,*WRONG*
rjmKJKG5Nx0,288,?,n,0.416812,0.415073,0.168115,0.416812,*WRONG*
rjmKJKG5Nx0,294,?,n,0.423836,0.416789,0.159375,0.423836,*WRONG*
rjmKJKG5Nx0,300,?,n,0.426315,0.418954,0.154730,0.426315,*WRONG*
rjmKJKG5Nx0,306,?,n,0.439221,0.422969,0.137810,0.439221,*WRONG*
rjmKJKG5Nx0,312,?,n,0.463721,0.396088,0.140191,0.463721,*WRONG*
rjmKJKG5Nx0,318,?,n,0.449377,0.393741,0.156883,0.449377,*WRONG*
rjmKJKG5Nx0,324,?,n,0.477463,0.366545,0.155992,0.477463,*WRONG*
rjmKJKG5Nx0,330,?,n,0.483346,0.355419,0.161235,0.483346,*WRONG*
rjmKJKG5Nx0,336,?,n,0.483407,0.363726,0.152866,0.483407,*WRONG*
rjmKJKG5Nx0,342,?,n,0.522430,0.348970,0.128599,0.522430,*WRONG*
rjmKJKG5Nx0,348,?,n,0.517996,0.349480,0.132524,0.517996,*WRONG*
rjmKJKG5Nx0,354,?,n,0.524542,0.349364,0.126094,0.524542,*WRONG*
rjmKJKG5Nx0,360,?,n,0.558770,0.296855,0.144375,0.558770,*WRONG*
rjmKJKG5Nx0,366,?,n,0.506911,0.337720,0.155369,0.506911,*WRONG*
rjmKJKG5Nx0,372,?,n,0.510505,0.325233,0.164263,0.510505,*WRONG*
rjmKJKG5Nx0,378,?,n,0.520598,0.317692,0.161710,0.520598,*WRONG*
rjmKJKG5Nx0,384,?,n,0.519720,0.326220,0.154060,0.519720,*WRONG*
rjmKJKG5Nx0,390,?,n,0.536200,0.319749,0.144051,0.536200,*WRONG*
rjmKJKG5Nx0,396,?,n,0.504965,0.338648,0.156387,0.504965,*WRONG*
rjmKJKG5Nx0,402,?,n,0.527821,0.338474,0.133705,0.527821,*WRONG*
rjmKJKG5Nx0,408,?,n,0.497046,0.371377,0.131577,0.497046,*WRONG*
rjmKJKG5Nx0,414,?,n,0.481102,0.390853,0.128045,0.481102,*WRONG*
rjmKJKG5Nx0,420,?,n,0.478711,0.395879,0.125410,0.478711,*WRONG*
rjmKJKG5Nx0,426,?,n,0.496287,0.382640,0.121072,0.496287,*WRONG*
rjmKJKG5Nx0,432,?,n,0.490692,0.388491,0.120817,0.490692,*WRONG*
rjmKJKG5Nx0,438,?,n,0.510907,0.375081,0.114012,0.510907,*WRONG*
rjmKJKG5Nx0,444,?,n,0.510113,0.360669,0.129219,0.510113,*WRONG*
rjmKJKG5Nx0,450,?,n,0.489932,0.382060,0.128008,0.489932,*WRONG*
rjmKJKG5Nx0,456,?,n,0.510737,0.369818,0.119446,0.510737,*WRONG*
rjmKJKG5Nx0,462,?,n,0.482414,0.389367,0.128220,0.482414,*WRONG*
rjmKJKG5Nx0,468,?,n,0.464813,0.395650,0.139537,0.464813,*WRONG*
rjmKJKG5Nx0,474,?,n,0.468816,0.399859,0.131325,0.468816,*WRONG*
rjmKJKG5Nx0,480,?,n,0.449824,0.409093,0.141082,0.449824,*WRONG*
rjmKJKG5Nx0,486,?,n,0.449858,0.395804,0.154338,0.449858,*WRONG*
rjmKJKG5Nx0,492,?,n,0.432946,0.414427,0.152626,0.432946,*WRONG*
rjmKJKG5Nx0,498,?,n,0.439655,0.413617,0.146728,0.439655,*WRONG*
rjmKJKG5Nx0,504,?,n,0.442340,0.410486,0.147175,0.442340,*WRONG*
rjmKJKG5Nx0,510,?,n,0.444609,0.420868,0.134523,0.444609,*WRONG*
rjmKJKG5Nx0,516,?,n,0.435023,0.429650,0.135327,0.435023,*WRONG*
rjmKJKG5Nx0,522,?,n,0.444491,0.424428,0.131080,0.444491,*WRONG*
rjmKJKG5Nx0,528,?,P,0.443485,0.443485,0.132194,0.424321,*WRONG*
rjmKJKG5Nx0,534,?,P,0.430427,0.430427,0.139665,0.429908,*WRONG*
rjmKJKG5Nx0,540,?,P,0.433476,0.433476,0.140360,0.426164,*WRONG*
rjmKJKG5Nx0,546,?,n,0.425840,0.407043,0.167117,0.425840,*WRONG*
rjmKJKG5Nx0,552,?,P,0.413335,0.413335,0.201006,0.385659,*WRONG*
rjmKJKG5Nx0,558,?,P,0.407384,0.407384,0.216215,0.376402,*WRONG*
rjmKJKG5Nx0,564,?,P,0.404325,0.404325,0.211558,0.384117,*WRONG*
rjmKJKG5Nx0,570,?,n,0.409543,0.372816,0.217641,0.409543,*WRONG*
rjmKJKG5Nx0,576,?,n,0.409943,0.368932,0.221125,0.409943,*WRONG*
rjmKJKG5Nx0,582,?,n,0.407431,0.368266,0.224303,0.407431,*WRONG*
rjmKJKG5Nx0,588,?,n,0.434977,0.334013,0.231010,0.434977,*WRONG*
rjmKJKG5Nx0,594,?,n,0.436492,0.330456,0.233053,0.436492,*WRONG*
rjmKJKG5Nx0,600,?,n,0.435135,0.329288,0.235578,0.435135,*WRONG*
rjmKJKG5Nx0,606,?,n,0.433231,0.336140,0.230629,0.433231,*WRONG*
rjmKJKG5Nx0,612,?,n,0.448280,0.312319,0.239401,0.448280,*WRONG*
rjmKJKG5Nx0,618,?,n,0.453172,0.305375,0.241453,0.453172,*WRONG*
rjmKJKG5Nx0,624,?,n,0.498010,0.268679,0.233311,0.498010,*WRONG*
rjmKJKG5Nx0,630,?,n,0.485956,0.272667,0.241377,0.485956,*WRONG*
rjmKJKG5Nx0,636,?,n,0.484728,0.269095,0.246178,0.484728,*WRONG*
rjmKJKG5Nx0,642,?,n,0.490553,0.280410,0.229037,0.490553,*WRONG*
rjmKJKG5Nx0,648,?,n,0.480264,0.286249,0.233487,0.480264,*WRONG*
rjmKJKG5Nx0,654,?,n,0.478200,0.287759,0.234041,0.478200,*WRONG*
rjmKJKG5Nx0,660,?,n,0.463716,0.308244,0.228040,0.463716,*WRONG*
rjmKJKG5Nx0,666,?,n,0.462081,0.336761,0.201159,0.462081,*WRONG*
rjmKJKG5Nx0,672,?,n,0.472945,0.330385,0.196671,0.472945,*WRONG*
rjmKJKG5Nx0,678,?,n,0.465459,0.320122,0.214419,0.465459,*WRONG*
rjmKJKG5Nx0,684,?,n,0.475056,0.307032,0.217912,0.475056,*WRONG*
rjmKJKG5Nx0,690,?,n,0.471312,0.323026,0.205663,0.471312,*WRONG*
rjmKJKG5Nx0,696,?,n,0.465487,0.318359,0.216154,0.465487,*WRONG*
rjmKJKG5Nx0,702,?,n,0.413778,0.411001,0.175222,0.413778,*WRONG*
rjmKJKG5Nx0,708,?,P,0.419944,0.419944,0.180709,0.399347,*WRONG*
rjmKJKG5Nx0,714,?,P,0.439759,0.439759,0.168606,0.391636,*WRONG*
rjmKJKG5Nx0,720,?,P,0.422167,0.422167,0.174791,0.403042,*WRONG*
rjmKJKG5Nx0,726,?,P,0.426491,0.426491,0.169431,0.404078,*WRONG*
rjmKJKG5Nx0,732,?,n,0.423829,0.414020,0.162151,0.423829,*WRONG*
rjmKJKG5Nx0,738,?,P,0.431734,0.431734,0.156894,0.411372,*WRONG*
rjmKJKG5Nx0,744,?,P,0.438905,0.438905,0.170357,0.390738,*WRONG*
rjmKJKG5Nx0,750,?,P,0.437941,0.437941,0.171749,0.390310,*WRONG*
rjmKJKG5Nx0,756,?,n,0.432183,0.395265,0.172552,0.432183,*WRONG*
rjmKJKG5Nx0,762,?,n,0.439816,0.385875,0.174309,0.439816,*WRONG*
rjmKJKG5Nx0,768,?,n,0.449891,0.375942,0.174167,0.449891,*WRONG*
rjmKJKG5Nx0,774,?,n,0.491503,0.331910,0.176587,0.491503,*WRONG*
rjmKJKG5Nx0,780,?,n,0.502367,0.317767,0.179866,0.502367,*WRONG*
rjmKJKG5Nx0,786,?,n,0.493390,0.320765,0.185844,0.493390,*WRONG*
rjmKJKG5Nx0,792,?,n,0.484333,0.342398,0.173269,0.484333,*WRONG*
rjmKJKG5Nx0,798,?,n,0.525172,0.309714,0.165114,0.525172,*WRONG*
rjmKJKG5Nx0,804,?,n,0.511112,0.323958,0.164930,0.511112,*WRONG*
rjmKJKG5Nx0,810,?,n,0.495541,0.339382,0.165077,0.495541,*WRONG*
rjmKJKG5Nx0,816,?,n,0.504634,0.320675,0.174691,0.504634,*WRONG*
rjmKJKG5Nx0,822,?,n,0.509987,0.310549,0.179464,0.509987,*WRONG*
rjmKJKG5Nx0,828,?,n,0.494310,0.307924,0.197766,0.494310,*WRONG*
rjmKJKG5Nx0,834,?,n,0.526457,0.279951,0.193592,0.526457,*WRONG*
rjmKJKG5Nx0,840,?,n,0.509552,0.287022,0.203426,0.509552,*WRONG*
rjmKJKG5Nx0,846,?,n,0.517538,0.287885,0.194577,0.517538,*WRONG*
rjmKJKG5Nx0,852,?,n,0.424056,0.355441,0.220503,0.424056,*WRONG*
rjmKJKG5Nx0,858,?,P,0.390339,0.390339,0.222222,0.387439,*WRONG*
rjmKJKG5Nx0,864,?,n,0.464057,0.353296,0.182647,0.464057,*WRONG*
rjmKJKG5Nx0,870,?,P,0.421025,0.421025,0.204340,0.374635,*WRONG*
rjmKJKG5Nx0,876,?,n,0.436105,0.389110,0.174785,0.436105,*WRONG*
rjmKJKG5Nx0,882,?,n,0.421719,0.392344,0.185936,0.421719,*WRONG*
rjmKJKG5Nx0,888,?,n,0.433540,0.355595,0.210864,0.433540,*WRONG*
rjmKJKG5Nx0,894,?,n,0.512302,0.283560,0.204138,0.512302,*WRONG*
rjmKJKG5Nx0,900,?,n,0.451487,0.298420,0.250093,0.451487,*WRONG*
rjmKJKG5Nx0,906,?,n,0.471056,0.241772,0.287171,0.471056,*WRONG*
rjmKJKG5Nx0,912,?,n,0.446581,0.260130,0.293290,0.446581,*WRONG*
rjmKJKG5Nx0,918,?,n,0.460497,0.263257,0.276246,0.460497,*WRONG*
rjmKJKG5Nx0,924,?,n,0.375918,0.307293,0.316789,0.375918,*WRONG*
rjmKJKG5Nx0,930,?,P,0.405283,0.405283,0.294187,0.300530,*WRONG*
rjmKJKG5Nx0,936,?,P,0.405526,0.405526,0.236829,0.357645,*WRONG*
rjmKJKG5Nx0,942,?,P,0.409191,0.409191,0.242658,0.348150,*WRONG*
rjmKJKG5Nx0,948,?,P,0.361336,0.361336,0.277921,0.360744,*WRONG*
rjmKJKG5Nx0,954,?,n,0.357607,0.345579,0.296815,0.357607,*WRONG*
rjmKJKG5Nx0,960,?,n,0.418988,0.282443,0.298569,0.418988,*WRONG*
rjmKJKG5Nx0,966,?,n,0.364045,0.297695,0.338261,0.364045,*WRONG*
rjmKJKG5Nx0,972,?,n,0.484134,0.238626,0.277239,0.484134,*WRONG*
rjmKJKG5Nx0,978,?,n,0.513198,0.255823,0.230979,0.513198,*WRONG*
rjmKJKG5Nx0,984,?,n,0.542047,0.259711,0.198241,0.542047,*WRONG*
rjmKJKG5Nx0,990,?,n,0.538703,0.289141,0.172156,0.538703,*WRONG*
rjmKJKG5Nx0,996,?,n,0.503567,0.314745,0.181688,0.503567,*WRONG*
rjmKJKG5Nx0,1002,?,n,0.510497,0.283190,0.206313,0.510497,*WRONG*
rjmKJKG5Nx0,1008,?,n,0.490402,0.267095,0.242502,0.490402,*WRONG*
rjmKJKG5Nx0,1014,?,n,0.466705,0.308895,0.224400,0.466705,*WRONG*
rjmKJKG5Nx0,1020,?,n,0.449169,0.303161,0.247670,0.449169,*WRONG*
rjmKJKG5Nx0,1026,?,n,0.467495,0.285180,0.247325,0.467495,*WRONG*
rjmKJKG5Nx0,1032,?,n,0.452399,0.307302,0.240299,0.452399,*WRONG*
rjmKJKG5Nx0,1038,?,n,0.425106,0.323577,0.251317,0.425106,*WRONG*
rjmKJKG5Nx0,1044,?,n,0.402777,0.336507,0.260715,0.402777,*WRONG*
rjmKJKG5Nx0,1050,?,n,0.395299,0.323002,0.281699,0.395299,*WRONG*
rjmKJKG5Nx0,1056,?,n,0.416353,0.309930,0.273718,0.416353,*WRONG*
rjmKJKG5Nx0,1062,?,n,0.418768,0.318297,0.262935,0.418768,*WRONG*
rjmKJKG5Nx0,1068,?,n,0.415080,0.325143,0.259776,0.415080,*WRONG*
rjmKJKG5Nx0,1074,?,n,0.355421,0.345441,0.299138,0.355421,*WRONG*
rjmKJKG5Nx0,1080,?,P,0.383703,0.383703,0.286721,0.329576,*WRONG*
rjmKJKG5Nx0,1086,?,P,0.439963,0.439963,0.263582,0.296455,*WRONG*
rjmKJKG5Nx0,1092,?,P,0.418377,0.418377,0.248994,0.332629,*WRONG*
rjmKJKG5Nx0,1098,?,P,0.457503,0.457503,0.250793,0.291703,*WRONG*
rjmKJKG5Nx0,1104,?,P,0.474650,0.474650,0.242232,0.283118,*WRONG*
rjmKJKG5Nx0,1110,?,P,0.458113,0.458113,0.247682,0.294206,*WRONG*
rjmKJKG5Nx0,1116,?,P,0.378850,0.378850,0.256297,0.364854,*WRONG*
rjmKJKG5Nx0,1122,?,P,0.410828,0.410828,0.241447,0.347725,*WRONG*
rjmKJKG5Nx0,1128,?,P,0.411903,0.411903,0.236824,0.351273,*WRONG*
rjmKJKG5Nx0,1134,?,n,0.392937,0.364436,0.242627,0.392937,*WRONG*
rjmKJKG5Nx0,1140,?,n,0.391324,0.379747,0.228928,0.391324,*WRONG*
rjmKJKG5Nx0,1146,?,n,0.399551,0.359869,0.240580,0.399551,*WRONG*
rjmKJKG5Nx0,1152,?,n,0.430617,0.334541,0.234842,0.430617,*WRONG*
rjmKJKG5Nx0,1158,?,n,0.428636,0.341646,0.229717,0.428636,*WRONG*
rjmKJKG5Nx0,1164,?,n,0.426091,0.336291,0.237617,0.426091,*WRONG*
rjmKJKG5Nx0,1170,?,n,0.464184,0.313956,0.221859,0.464184,*WRONG*
rjmKJKG5Nx0,1176,?,n,0.443266,0.335308,0.221426,0.443266,*WRONG*
rjmKJKG5Nx0,1182,?,n,0.449898,0.342487,0.207615,0.449898,*WRONG*
rjmKJKG5Nx0,1188,?,n,0.446459,0.355765,0.197776,0.446459,*WRONG*
rjmKJKG5Nx0,1194,?,n,0.437851,0.358653,0.203495,0.437851,*WRONG*
rjmKJKG5Nx0,1200,?,n,0.442989,0.357225,0.199786,0.442989,*WRONG*
rjmKJKG5Nx0,1206,?,n,0.410828,0.385713,0.203459,0.410828,*WRONG*
rjmKJKG5Nx0,1212,?,n,0.384590,0.370582,0.244827,0.384590,*WRONG*
rjmKJKG5Nx0,1218,?,P,0.389059,0.389059,0.253453,0.357488,*WRONG*
rjmKJKG5Nx0,1224,?,n,0.390437,0.357442,0.252121,0.390437,*WRONG*
rjmKJKG5Nx0,1230,?,n,0.436004,0.352257,0.211738,0.436004,*WRONG*
rjmKJKG5Nx0,1236,?,n,0.435311,0.358944,0.205745,0.435311,*WRONG*
rjmKJKG5Nx0,1242,?,n,0.409641,0.397642,0.192718,0.409641,*WRONG*
rjmKJKG5Nx0,1248,?,P,0.419915,0.419915,0.182458,0.397627,*WRONG*
rjmKJKG5Nx0,1254,?,n,0.415900,0.408947,0.175153,0.415900,*WRONG*
rjmKJKG5Nx0,1260,?,P,0.422771,0.422771,0.170619,0.406609,*WRONG*
rjmKJKG5Nx0,1266,?,P,0.399716,0.399716,0.203271,0.397014,*WRONG*
rjmKJKG5Nx0,1272,?,n,0.406644,0.379106,0.214250,0.406644,*WRONG*
rjmKJKG5Nx0,1278,?,n,0.423929,0.387189,0.188882,0.423929,*WRONG*
rjmKJKG5Nx0,1284,?,n,0.447843,0.366787,0.185369,0.447843,*WRONG*
rjmKJKG5Nx0,1290,?,n,0.432338,0.378784,0.188878,0.432338,*WRONG*
rjmKJKG5Nx0,1296,?,n,0.431148,0.369486,0.199366,0.431148,*WRONG*
rjmKJKG5Nx0,1302,?,P,0.425108,0.425108,0.182358,0.392534,*WRONG*
rjmKJKG5Nx0,1308,?,P,0.441528,0.441528,0.184581,0.373892,*WRONG*
rjmKJKG5Nx0,1314,?,P,0.434761,0.434761,0.183572,0.381667,*WRONG*
rjmKJKG5Nx0,1320,?,P,0.433604,0.433604,0.164347,0.402049,*WRONG*
rjmKJKG5Nx0,1326,?,P,0.431167,0.431167,0.159799,0.409034,*WRONG*
rjmKJKG5Nx0,1332,?,P,0.422808,0.422808,0.161530,0.415662,*WRONG*
rjmKJKG5Nx0,1338,?,n,0.423027,0.422440,0.154533,0.423027,*WRONG*
rjmKJKG5Nx0,1344,?,P,0.427462,0.427462,0.166819,0.405719,*WRONG*
rjmKJKG5Nx0,1350,?,n,0.436487,0.417454,0.146059,0.436487,*WRONG*
rjmKJKG5Nx0,1356,?,n,0.456226,0.407141,0.136633,0.456226,*WRONG*
rjmKJKG5Nx0,1362,?,n,0.428607,0.417384,0.154009,0.428607,*WRONG*
rjmKJKG5Nx0,1368,?,n,0.429201,0.417317,0.153482,0.429201,*WRONG*
rjmKJKG5Nx0,1374,?,n,0.455835,0.395791,0.148374,0.455835,*WRONG*
rjmKJKG5Nx0,1380,?,P,0.426798,0.426798,0.152448,0.420754,*WRONG*
rjmKJKG5Nx0,1386,?,P,0.422057,0.422057,0.160444,0.417500,*WRONG*
rjmKJKG5Nx0,1392,?,P,0.427335,0.427335,0.162169,0.410496,*WRONG*
rjmKJKG5Nx0,1398,?,P,0.416805,0.416805,0.168713,0.414481,*WRONG*
rjmKJKG5Nx0,1404,?,n,0.418972,0.402263,0.178765,0.418972,*WRONG*
rjmKJKG5Nx0,1410,?,n,0.416075,0.394909,0.189017,0.416075,*WRONG*
rjmKJKG5Nx0,1416,?,n,0.427987,0.383322,0.188691,0.427987,*WRONG*
rjmKJKG5Nx0,1422,?,n,0.429468,0.378716,0.191816,0.429468,*WRONG*
rjmKJKG5Nx0,1428,?,P,0.412101,0.412101,0.193434,0.394465,*WRONG*
rjmKJKG5Nx0,1434,?,n,0.445340,0.385283,0.169377,0.445340,*WRONG*
rjmKJKG5Nx0,1440,?,n,0.421542,0.400312,0.178146,0.421542,*WRONG*
rjmKJKG5Nx0,1446,?,n,0.427470,0.390843,0.181687,0.427470,*WRONG*
rjmKJKG5Nx0,1452,?,n,0.479789,0.362985,0.157226,0.479789,*WRONG*
rjmKJKG5Nx0,1458,?,n,0.484339,0.371854,0.143807,0.484339,*WRONG*
rjmKJKG5Nx0,1464,?,n,0.476180,0.389689,0.134132,0.476180,*WRONG*
rjmKJKG5Nx0,1470,?,n,0.535473,0.356537,0.107990,0.535473,*WRONG*
rjmKJKG5Nx0,1476,?,n,0.513565,0.361668,0.124767,0.513565,*WRONG*
rjmKJKG5Nx0,1482,?,n,0.497327,0.368335,0.134338,0.497327,*WRONG*
rjmKJKG5Nx0,1488,?,n,0.511649,0.372021,0.116330,0.511649,*WRONG*
rjmKJKG5Nx0,1494,?,n,0.514717,0.366301,0.118982,0.514717,*WRONG*
rjmKJKG5Nx0,1500,?,n,0.529020,0.366943,0.104037,0.529020,*WRONG*
rjmKJKG5Nx0,1506,?,n,0.575430,0.331861,0.092709,0.575430,*WRONG*
rjmKJKG5Nx0,1512,?,n,0.570736,0.325037,0.104227,0.570736,*WRONG*
rjmKJKG5Nx0,1518,?,n,0.570887,0.321245,0.107868,0.570887,*WRONG*
rjmKJKG5Nx0,1524,?,n,0.551522,0.337449,0.111029,0.551522,*WRONG*
rjmKJKG5Nx0,1530,?,n,0.506653,0.369880,0.123467,0.506653,*WRONG*
rjmKJKG5Nx0,1536,?,n,0.452514,0.414778,0.132709,0.452514,*WRONG*
rjmKJKG5Nx0,1542,?,P,0.423365,0.423365,0.180620,0.396016,*WRONG*
rjmKJKG5Nx0,1548,?,P,0.409502,0.409502,0.203179,0.387319,*WRONG*
rjmKJKG5Nx0,1554,?,P,0.408055,0.408055,0.229137,0.362808,*WRONG*
rjmKJKG5Nx0,1560,?,P,0.412611,0.412611,0.214242,0.373147,*WRONG*
rjmKJKG5Nx0,1566,?,P,0.418812,0.418812,0.213394,0.367794,*WRONG*
rjmKJKG5Nx0,1572,?,n,0.446086,0.378645,0.175270,0.446086,*WRONG*
rjmKJKG5Nx0,1578,?,n,0.417501,0.390116,0.192383,0.417501,*WRONG*
rjmKJKG5Nx0,1584,?,n,0.431754,0.397553,0.170693,0.431754,*WRONG*
rjmKJKG5Nx0,1590,?,n,0.418782,0.418384,0.162833,0.418782,*WRONG*
rjmKJKG5Nx0,1596,?,n,0.423013,0.405774,0.171213,0.423013,*WRONG*
rjmKJKG5Nx0,1602,?,P,0.426094,0.426094,0.265292,0.308614,*WRONG*
rjmKJKG5Nx0,1608,?,P,0.496459,0.496459,0.229128,0.274413,*WRONG*
rjmKJKG5Nx0,1614,?,P,0.470013,0.470013,0.238670,0.291318,*WRONG*
rjmKJKG5Nx0,1620,?,P,0.447329,0.447329,0.247613,0.305058,*WRONG*
rjmKJKG5Nx0,1626,?,P,0.434654,0.434654,0.255079,0.310267,*WRONG*
rjmKJKG5Nx0,1632,?,P,0.389746,0.389746,0.227513,0.382740,*WRONG*
rjmKJKG5Nx0,1638,?,n,0.474743,0.251352,0.273905,0.474743,*WRONG*
rjmKJKG5Nx0,1644,?,n,0.561544,0.199743,0.238713,0.561544,*WRONG*
rjmKJKG5Nx0,1650,?,n,0.531986,0.196896,0.271119,0.531986,*WRONG*
rjmKJKG5Nx0,1656,?,n,0.506216,0.192915,0.300869,0.506216,*WRONG*
rjmKJKG5Nx0,1662,?,n,0.469435,0.221565,0.308999,0.469435,*WRONG*
rjmKJKG5Nx0,1668,?,n,0.471412,0.233810,0.294778,0.471412,*WRONG*
rjmKJKG5Nx0,1674,?,n,0.481129,0.276418,0.242453,0.481129,*WRONG*
rjmKJKG5Nx0,1680,?,n,0.421958,0.330938,0.247104,0.421958,*WRONG*
rjmKJKG5Nx0,1686,?,n,0.408687,0.333451,0.257863,0.408687,*WRONG*
rjmKJKG5Nx0,1692,?,n,0.413297,0.311225,0.275478,0.413297,*WRONG*
rjmKJKG5Nx0,1698,?,n,0.453211,0.314180,0.232609,0.453211,*WRONG*
rjmKJKG5Nx0,1704,?,n,0.449733,0.325767,0.224500,0.449733,*WRONG*
rjmKJKG5Nx0,1710,?,n,0.465108,0.279785,0.255107,0.465108,*WRONG*
rjmKJKG5Nx0,1716,?,n,0.503251,0.240571,0.256178,0.503251,*WRONG*
rjmKJKG5Nx0,1722,?,n,0.575850,0.200475,0.223675,0.575850,*WRONG*
rjmKJKG5Nx0,1728,?,n,0.604019,0.171253,0.224728,0.604019,*WRONG*
rjmKJKG5Nx0,1734,?,n,0.623944,0.167824,0.208232,0.623944,*WRONG*
rjmKJKG5Nx0,1740,?,n,0.586094,0.213027,0.200878,0.586094,*WRONG*
rjmKJKG5Nx0,1746,?,n,0.596152,0.212573,0.191275,0.596152,*WRONG*
rjmKJKG5Nx0,1752,?,n,0.476267,0.281144,0.242589,0.476267,*WRONG*
rjmKJKG5Nx0,1758,?,n,0.469018,0.324359,0.206623,0.469018,*WRONG*
rjmKJKG5Nx0,1764,?,n,0.490144,0.321678,0.188178,0.490144,*WRONG*
rjmKJKG5Nx0,1770,?,n,0.489043,0.323673,0.187284,0.489043,*WRONG*
rjmKJKG5Nx0,1776,?,n,0.451769,0.369084,0.179147,0.451769,*WRONG*
rjmKJKG5Nx0,1782,?,n,0.448942,0.374876,0.176183,0.448942,*WRONG*
rjmKJKG5Nx0,1788,?,n,0.489395,0.347646,0.162959,0.489395,*WRONG*
rjmKJKG5Nx0,1794,?,n,0.499074,0.345748,0.155178,0.499074,*WRONG*
rjmKJKG5Nx0,1800,?,n,0.538501,0.317617,0.143882,0.538501,*WRONG*
rjmKJKG5Nx0,1806,?,n,0.485890,0.358602,0.155508,0.485890,*WRONG*
rjmKJKG5Nx0,1812,?,n,0.503055,0.333838,0.163107,0.503055,*WRONG*
rjmKJKG5Nx0,1818,?,n,0.490869,0.343118,0.166013,0.490869,*WRONG*
rjmKJKG5Nx0,1824,?,n,0.474217,0.376790,0.148993,0.474217,*WRONG*
rjmKJKG5Nx0,1830,?,n,0.440316,0.418879,0.140805,0.440316,*WRONG*
rjmKJKG5Nx0,1836,?,P,0.438528,0.438528,0.175913,0.385559,*WRONG*
rjmKJKG5Nx0,1842,?,P,0.442164,0.442164,0.186669,0.371167,*WRONG*
rjmKJKG5Nx0,1848,?,n,0.410760,0.399071,0.190168,0.410760,*WRONG*
rjmKJKG5Nx0,1854,?,n,0.421021,0.382603,0.196376,0.421021,*WRONG*
rjmKJKG5Nx0,1860,?,n,0.437107,0.376222,0.186671,0.437107,*WRONG*
rjmKJKG5Nx0,1866,?,n,0.429087,0.360797,0.210116,0.429087,*WRONG*
rjmKJKG5Nx0,1872,?,n,0.489156,0.321259,0.189585,0.489156,*WRONG*
rjmKJKG5Nx0,1878,?,n,0.484986,0.331536,0.183478,0.484986,*WRONG*
rjmKJKG5Nx0,1884,?,n,0.514372,0.309098,0.176529,0.514372,*WRONG*
rjmKJKG5Nx0,1890,?,n,0.485160,0.332419,0.182421,0.485160,*WRONG*
rjmKJKG5Nx0,1896,?,n,0.494929,0.327886,0.177185,0.494929,*WRONG*
rjmKJKG5Nx0,1902,?,n,0.480272,0.319127,0.200601,0.480272,*WRONG*
rjmKJKG5Nx0,1908,?,n,0.468516,0.310016,0.221468,0.468516,*WRONG*
rjmKJKG5Nx0,1914,?,n,0.452069,0.294305,0.253626,0.452069,*WRONG*
rjmKJKG5Nx0,1920,?,n,0.413427,0.338981,0.247591,0.413427,*WRONG*
rjmKJKG5Nx0,1926,?,n,0.412801,0.336568,0.250630,0.412801,*WRONG*
rjmKJKG5Nx0,1932,?,n,0.393625,0.349069,0.257306,0.393625,*WRONG*
rjmKJKG5Nx0,1938,?,n,0.390951,0.385338,0.223711,0.390951,*WRONG*
rjmKJKG5Nx0,1944,?,P,0.392138,0.392138,0.237223,0.370639,*WRONG*
rjmKJKG5Nx0,1950,?,P,0.386092,0.386092,0.235824,0.378084,*WRONG*
rjmKJKG5Nx0,1956,?,n,0.412586,0.347044,0.240370,0.412586,*WRONG*
rjmKJKG5Nx0,1962,?,n,0.425576,0.345986,0.228438,0.425576,*WRONG*
rjmKJKG5Nx0,1968,?,n,0.413413,0.333562,0.253025,0.413413,*WRONG*
rjmKJKG5Nx0,1974,?,n,0.411694,0.358682,0.229624,0.411694,*WRONG*
rjmKJKG5Nx0,1980,?,n,0.428585,0.348709,0.222706,0.428585,*WRONG*
rjmKJKG5Nx0,1986,?,n,0.416910,0.330401,0.252688,0.416910,*WRONG*
rjmKJKG5Nx0,1992,?,n,0.406046,0.334938,0.259015,0.406046,*WRONG*
rjmKJKG5Nx0,1998,?,n,0.428757,0.347609,0.223634,0.428757,*WRONG*
rjmKJKG5Nx0,2004,?,n,0.417148,0.333482,0.249369,0.417148,*WRONG*
rjmKJKG5Nx0,2010,?,n,0.416268,0.322012,0.261719,0.416268,*WRONG*
rjmKJKG5Nx0,2016,?,n,0.429064,0.311918,0.259018,0.429064,*WRONG*
rjmKJKG5Nx0,2022,?,n,0.431125,0.301298,0.267577,0.431125,*WRONG*
rjmKJKG5Nx0,2028,?,n,0.418250,0.304617,0.277133,0.418250,*WRONG*
rjmKJKG5Nx0,2034,?,n,0.415101,0.312122,0.272777,0.415101,*WRONG*
rjmKJKG5Nx0,2040,?,n,0.389155,0.301428,0.309417,0.389155,*WRONG*
rjmKJKG5Nx0,2046,?,n,0.389389,0.286454,0.324157,0.389389,*WRONG*
rjmKJKG5Nx0,2052,?,n,0.433664,0.308342,0.257994,0.433664,*WRONG*
rjmKJKG5Nx0,2058,?,n,0.461979,0.278097,0.259925,0.461979,*WRONG*
rjmKJKG5Nx0,2064,?,n,0.468573,0.259270,0.272156,0.468573,*WRONG*
rjmKJKG5Nx0,2070,?,n,0.502869,0.286932,0.210198,0.502869,*WRONG*
rjmKJKG5Nx0,2076,?,n,0.503713,0.298863,0.197423,0.503713,*WRONG*
rjmKJKG5Nx0,2082,?,n,0.468124,0.297747,0.234129,0.468124,*WRONG*
rjmKJKG5Nx0,2088,?,n,0.509317,0.281646,0.209038,0.509317,*WRONG*
rjmKJKG5Nx0,2094,?,n,0.513694,0.272615,0.213692,0.513694,*WRONG*
rjmKJKG5Nx0,2100,?,n,0.540799,0.254534,0.204666,0.540799,*WRONG*
rjmKJKG5Nx0,2106,?,n,0.512215,0.263893,0.223893,0.512215,*WRONG*
rjmKJKG5Nx0,2112,?,n,0.513235,0.268845,0.217919,0.513235,*WRONG*
rjmKJKG5Nx0,2118,?,n,0.502278,0.265350,0.232372,0.502278,*WRONG*
rjmKJKG5Nx0,2124,?,n,0.478756,0.280721,0.240524,0.478756,*WRONG*
rjmKJKG5Nx0,2130,?,n,0.461625,0.331352,0.207023,0.461625,*WRONG*
rjmKJKG5Nx0,2136,?,n,0.460036,0.357765,0.182199,0.460036,*WRONG*
rjmKJKG5Nx0,2142,?,n,0.464491,0.364467,0.171043,0.464491,*WRONG*
rjmKJKG5Nx0,2148,?,n,0.463921,0.368270,0.167808,0.463921,*WRONG*
rjmKJKG5Nx0,2154,?,n,0.460048,0.375255,0.164697,0.460048,*WRONG*
rjmKJKG5Nx0,2160,?,n,0.466889,0.370559,0.162552,0.466889,*WRONG*
rjmKJKG5Nx0,2166,?,n,0.477729,0.366078,0.156193,0.477729,*WRONG*
rjmKJKG5Nx0,2172,?,n,0.421720,0.410419,0.167862,0.421720,*WRONG*
rjmKJKG5Nx0,2178,?,n,0.449498,0.385875,0.164627,0.449498,*WRONG*
rjmKJKG5Nx0,2184,?,n,0.457992,0.384070,0.157938,0.457992,*WRONG*
rjmKJKG5Nx0,2190,?,n,0.458086,0.384302,0.157612,0.458086,*WRONG*
rjmKJKG5Nx0,2196,?,n,0.439634,0.399175,0.161190,0.439634,*WRONG*
rjmKJKG5Nx0,2202,?,P,0.425047,0.425047,0.160978,0.413974,*WRONG*
rjmKJKG5Nx0,2208,?,n,0.458828,0.374338,0.166834,0.458828,*WRONG*
rjmKJKG5Nx0,2214,?,n,0.482520,0.346233,0.171247,0.482520,*WRONG*
rjmKJKG5Nx0,2220,?,n,0.475202,0.366403,0.158394,0.475202,*WRONG*
rjmKJKG5Nx0,2226,?,n,0.495323,0.342729,0.161948,0.495323,*WRONG*
rjmKJKG5Nx0,2232,?,n,0.509105,0.321157,0.169738,0.509105,*WRONG*
rjmKJKG5Nx0,2238,?,n,0.488794,0.350374,0.160832,0.488794,*WRONG*
rjmKJKG5Nx0,2244,?,n,0.505881,0.331858,0.162260,0.505881,*WRONG*
rjmKJKG5Nx0,2250,?,n,0.515150,0.319067,0.165784,0.515150,*WRONG*
rjmKJKG5Nx0,2256,?,n,0.505829,0.325464,0.168707,0.505829,*WRONG*
rjmKJKG5Nx0,2262,?,n,0.530420,0.298077,0.171503,0.530420,*WRONG*
rjmKJKG5Nx0,2268,?,n,0.531908,0.288483,0.179609,0.531908,*WRONG*
rjmKJKG5Nx0,2274,?,n,0.523734,0.313329,0.162937,0.523734,*WRONG*
rjmKJKG5Nx0,2280,?,n,0.527269,0.348437,0.124293,0.527269,*WRONG*
rjmKJKG5Nx0,2286,?,n,0.483574,0.366580,0.149846,0.483574,*WRONG*
rjmKJKG5Nx0,2292,?,n,0.478283,0.386172,0.135545,0.478283,*WRONG*
rjmKJKG5Nx0,2298,?,n,0.561296,0.339411,0.099293,0.561296,*WRONG*
rjmKJKG5Nx0,2304,?,n,0.531532,0.349984,0.118485,0.531532,*WRONG*
rjmKJKG5Nx0,2310,?,n,0.506891,0.373548,0.119561,0.506891,*WRONG*
rjmKJKG5Nx0,2316,?,n,0.576023,0.329101,0.094876,0.576023,*WRONG*
rjmKJKG5Nx0,2322,?,n,0.566295,0.334649,0.099056,0.566295,*WRONG*
rjmKJKG5Nx0,2328,?,n,0.531463,0.371151,0.097386,0.531463,*WRONG*
rjmKJKG5Nx0,2334,?,n,0.508969,0.396031,0.095000,0.508969,*WRONG*
rjmKJKG5Nx0,2340,?,n,0.469321,0.419301,0.111378,0.469321,*WRONG*
rjmKJKG5Nx0,2346,?,n,0.472700,0.406532,0.120768,0.472700,*WRONG*
rjmKJKG5Nx0,2352,?,n,0.462896,0.393606,0.143498,0.462896,*WRONG*
rjmKJKG5Nx0,2358,?,n,0.464152,0.369036,0.166813,0.464152,*WRONG*
rjmKJKG5Nx0,2364,?,n,0.448493,0.368213,0.183294,0.448493,*WRONG*
rjmKJKG5Nx0,2370,?,n,0.445156,0.378856,0.175988,0.445156,*WRONG*
rjmKJKG5Nx0,2376,?,n,0.451191,0.374648,0.174161,0.451191,*WRONG*
rjmKJKG5Nx0,2382,?,n,0.444652,0.368538,0.186809,0.444652,*WRONG*
rjmKJKG5Nx0,2388,?,n,0.449457,0.362337,0.188206,0.449457,*WRONG*
rjmKJKG5Nx0,2394,?,n,0.423581,0.371763,0.204656,0.423581,*WRONG*
rjmKJKG5Nx0,2400,?,n,0.411775,0.370921,0.217304,0.411775,*WRONG*
rjmKJKG5Nx0,2406,?,n,0.427147,0.364614,0.208238,0.427147,*WRONG*
rjmKJKG5Nx0,2412,?,n,0.463538,0.358928,0.177534,0.463538,*WRONG*
rjmKJKG5Nx0,2418,?,n,0.413009,0.400954,0.186037,0.413009,*WRONG*
rjmKJKG5Nx0,2424,?,n,0.461977,0.364062,0.173961,0.461977,*WRONG*
rjmKJKG5Nx0,2430,?,n,0.469015,0.369770,0.161215,0.469015,*WRONG*
rjmKJKG5Nx0,2436,?,n,0.485912,0.371604,0.142484,0.485912,*WRONG*
rjmKJKG5Nx0,2442,?,n,0.456593,0.409707,0.133700,0.456593,*WRONG*
rjmKJKG5Nx0,2448,?,P,0.423517,0.423517,0.153275,0.423209,*WRONG*
rjmKJKG5Nx0,2454,?,n,0.428129,0.421672,0.150199,0.428129,*WRONG*
rjmKJKG5Nx0,2460,?,P,0.436131,0.436131,0.163578,0.400291,*WRONG*
rjmKJKG5Nx0,2466,?,n,0.458278,0.383133,0.158589,0.458278,*WRONG*
rjmKJKG5Nx0,2472,?,n,0.454696,0.391445,0.153860,0.454696,*WRONG*
rjmKJKG5Nx0,2478,?,P,0.440390,0.440390,0.146463,0.413147,*WRONG*
rjmKJKG5Nx0,2484,?,P,0.432333,0.432333,0.166454,0.401213,*WRONG*
rjmKJKG5Nx0,2490,?,n,0.431197,0.385531,0.183271,0.431197,*WRONG*
rjmKJKG5Nx0,2496,?,n,0.440226,0.342419,0.217354,0.440226,*WRONG*
rjmKJKG5Nx0,2502,?,n,0.395862,0.348546,0.255592,0.395862,*WRONG*
rjmKJKG5Nx0,2508,?,P,0.413552,0.413552,0.233995,0.352453,*WRONG*
rjmKJKG5Nx0,2514,?,P,0.422325,0.422325,0.208323,0.369352,*WRONG*
rjmKJKG5Nx0,2520,?,n,0.409948,0.397767,0.192284,0.409948,*WRONG*
rjmKJKG5Nx0,2526,?,P,0.434521,0.434521,0.172179,0.393300,*WRONG*
rjmKJKG5Nx0,2532,?,P,0.428360,0.428360,0.171349,0.400292,*WRONG*
rjmKJKG5Nx0,2538,?,n,0.515900,0.295117,0.188983,0.515900,*WRONG*
rjmKJKG5Nx0,2544,?,n,0.551605,0.224980,0.223416,0.551605,*WRONG*
rjmKJKG5Nx0,2550,?,n,0.520909,0.200447,0.278644,0.520909,*WRONG*
rjmKJKG5Nx0,2556,?,n,0.477318,0.211031,0.311650,0.477318,*WRONG*
rjmKJKG5Nx0,2562,?,n,0.445281,0.211375,0.343344,0.445281,*WRONG*
rjmKJKG5Nx0,2568,?,n,0.464640,0.213583,0.321777,0.464640,*WRONG*
rjmKJKG5Nx0,2574,?,n,0.473454,0.219475,0.307071,0.473454,*WRONG*
rjmKJKG5Nx0,2580,?,n,0.411374,0.277563,0.311063,0.411374,*WRONG*
rjmKJKG5Nx0,2586,?,n,0.492457,0.292116,0.215428,0.492457,*WRONG*
rjmKJKG5Nx0,2592,?,n,0.459085,0.293834,0.247081,0.459085,*WRONG*
rjmKJKG5Nx0,2598,?,n,0.395629,0.356663,0.247708,0.395629,*WRONG*
rjmKJKG5Nx0,2604,?,n,0.451801,0.341545,0.206654,0.451801,*WRONG*
rjmKJKG5Nx0,2610,?,n,0.424287,0.333067,0.242645,0.424287,*WRONG*
rjmKJKG5Nx0,2616,?,n,0.524930,0.239687,0.235383,0.524930,*WRONG*
rjmKJKG5Nx0,2622,?,n,0.458483,0.250581,0.290936,0.458483,*WRONG*
rjmKJKG5Nx0,2628,?,n,0.463438,0.213009,0.323554,0.463438,*WRONG*
rjmKJKG5Nx0,2634,?,n,0.465948,0.218832,0.315220,0.465948,*WRONG*
rjmKJKG5Nx0,2640,?,n,0.444060,0.282112,0.273828,0.444060,*WRONG*
rjmKJKG5Nx0,2646,?,n,0.497316,0.260637,0.242048,0.497316,*WRONG*
rjmKJKG5Nx0,2652,?,n,0.519629,0.254324,0.226047,0.519629,*WRONG*
rjmKJKG5Nx0,2658,?,n,0.544117,0.236627,0.219255,0.544117,*WRONG*
rjmKJKG5Nx0,2664,?,n,0.536423,0.209175,0.254402,0.536423,*WRONG*
rjmKJKG5Nx0,2670,?,n,0.555958,0.211271,0.232771,0.555958,*WRONG*
rjmKJKG5Nx0,2676,?,n,0.604810,0.175803,0.219387,0.604810,*WRONG*
rjmKJKG5Nx0,2682,?,n,0.702171,0.132819,0.165010,0.702171,*WRONG*
rjmKJKG5Nx0,2688,?,n,0.757346,0.110094,0.132560,0.757346,*WRONG*
rjmKJKG5Nx0,2694,?,n,0.776209,0.102741,0.121050,0.776209,*WRONG*
rjmKJKG5Nx0,2700,?,n,0.787525,0.097560,0.114916,0.787525,*WRONG*
rjmKJKG5Nx0,2706,?,n,0.792727,0.094974,0.112299,0.792727,*WRONG*
rjmKJKG5Nx0,2712,?,n,0.793716,0.094131,0.112153,0.793716,*WRONG*
rjmKJKG5Nx0,2718,?,n,0.793301,0.092899,0.113800,0.793301,*WRONG*
rjmKJKG5Nx0,2724,?,n,0.787525,0.082793,0.129682,0.787525,*WRONG*
rjmKJKG5Nx0,2730,?,n,0.811379,0.071842,0.116779,0.811379,*WRONG*
rjmKJKG5Nx0,2736,?,n,0.821895,0.069426,0.108679,0.821895,*WRONG*
rjmKJKG5Nx0,2742,?,n,0.829532,0.066941,0.103527,0.829532,*WRONG*
rjmKJKG5Nx0,2748,?,n,0.833615,0.065393,0.100992,0.833615,*WRONG*
rjmKJKG5Nx0,2754,?,n,0.834723,0.064747,0.100530,0.834723,*WRONG*
rjmKJKG5Nx0,2760,?,n,0.829303,0.066852,0.103845,0.829303,*WRONG*
rjmKJKG5Nx0,2766,?,n,0.828765,0.066848,0.104387,0.828765,*WRONG*
rjmKJKG5Nx0,2772,?,n,0.826980,0.067005,0.106015,0.826980,*WRONG*
rjmKJKG5Nx0,2778,?,n,0.817190,0.068319,0.114492,0.817190,*WRONG*
rjmKJKG5Nx0,2784,?,n,0.803697,0.070160,0.126144,0.803697,*WRONG*
rjmKJKG5Nx0,2790,?,n,0.799016,0.072174,0.128810,0.799016,*WRONG*
rjmKJKG5Nx0,2796,?,n,0.789045,0.076629,0.134325,0.789045,*WRONG*
rjmKJKG5Nx0,2802,?,n,0.786657,0.077704,0.135640,0.786657,*WRONG*
rjmKJKG5Nx0,2808,?,n,0.784525,0.078500,0.136976,0.784525,*WRONG*
rjmKJKG5Nx0,2814,?,n,0.781533,0.079396,0.139071,0.781533,*WRONG*
rjmKJKG5Nx0,2820,?,n,0.776409,0.081116,0.142475,0.776409,*WRONG*
rjmKJKG5Nx0,2826,?,n,0.767386,0.084689,0.147925,0.767386,*WRONG*
rjmKJKG5Nx0,2832,?,n,0.749632,0.095354,0.155014,0.749632,*WRONG*
rjmKJKG5Nx0,2838,?,n,0.610612,0.174323,0.215065,0.610612,*WRONG*
rjmKJKG5Nx0,2844,?,n,0.602014,0.177054,0.220932,0.602014,*WRONG*
rjmKJKG5Nx0,2850,?,n,0.600918,0.179125,0.219957,0.600918,*WRONG*
rjmKJKG5Nx0,2856,?,n,0.605459,0.179803,0.214738,0.605459,*WRONG*
rjmKJKG5Nx0,2862,?,n,0.609905,0.180208,0.209886,0.609905,*WRONG*
rjmKJKG5Nx0,2868,?,n,0.613100,0.180880,0.206020,0.613100,*WRONG*
rjmKJKG5Nx0,2874,?,n,0.626535,0.174368,0.199097,0.626535,*WRONG*
rjmKJKG5Nx0,2880,?,n,0.643550,0.168919,0.187531,0.643550,*WRONG*
rjmKJKG5Nx0,2886,?,n,0.647880,0.167916,0.184204,0.647880,*WRONG*
rjmKJKG5Nx0,2892,?,n,0.649702,0.168434,0.181864,0.649702,*WRONG*
rjmKJKG5Nx0,2898,?,n,0.651410,0.168231,0.180360,0.651410,*WRONG*
rjmKJKG5Nx0,2904,?,n,0.652303,0.168158,0.179539,0.652303,*WRONG*
rjmKJKG5Nx0,2910,?,n,0.652551,0.167982,0.179467,0.652551,*WRONG*
rjmKJKG5Nx0,2916,?,n,0.652653,0.167813,0.179534,0.652653,*WRONG*
rjmKJKG5Nx0,2922,?,n,0.653195,0.166855,0.179949,0.653195,*WRONG*
rjmKJKG5Nx0,2928,?,n,0.652935,0.166674,0.180391,0.652935,*WRONG*
rjmKJKG5Nx0,2934,?,n,0.652099,0.166876,0.181025,0.652099,*WRONG*
rjmKJKG5Nx0,2940,?,n,0.651597,0.167157,0.181245,0.651597,*WRONG*
rjmKJKG5Nx0,2946,?,n,0.650892,0.167575,0.181533,0.650892,*WRONG*
rjmKJKG5Nx0,2952,?,n,0.651537,0.167827,0.180636,0.651537,*WRONG*
rjmKJKG5Nx0,2958,?,n,0.651025,0.167003,0.181972,0.651025,*WRONG*
rjmKJKG5Nx0,2964,?,n,0.650844,0.163823,0.185334,0.650844,*WRONG*
rjmKJKG5Nx0,2970,?,n,0.663610,0.122878,0.213512,0.663610,*WRONG*
rjmKJKG5Nx0,2976,?,n,0.674436,0.101946,0.223618,0.674436,*WRONG*
rjmKJKG5Nx0,2982,?,n,0.686890,0.088277,0.224833,0.686890,*WRONG*
rjmKJKG5Nx0,2988,?,n,0.706326,0.079603,0.214071,0.706326,*WRONG*
rjmKJKG5Nx0,2994,?,n,0.725685,0.074885,0.199430,0.725685,*WRONG*
rjmKJKG5Nx0,3000,?,n,0.741270,0.071227,0.187503,0.741270,*WRONG*
rjmKJKG5Nx0,3006,?,n,0.751788,0.069402,0.178809,0.751788,*WRONG*
rjmKJKG5Nx0,3012,?,n,0.758354,0.068443,0.173203,0.758354,*WRONG*
rjmKJKG5Nx0,3018,?,n,0.762296,0.067915,0.169788,0.762296,*WRONG*
rjmKJKG5Nx0,3024,?,n,0.764311,0.067629,0.168060,0.764311,*WRONG*
